Timestamp,IpOri,PortaOri,IpDest,PortaDest,?,Tempo,BytesEnv,Banda(bps),Jitter,PctPerdido,PctEnv,%Perda,ForaOrdem
20191031110841,10.1.0.2,18506,10.1.0.1,14006,3,0.0-8.6,139650,130047
20191031110842,10.1.0.1,14006,10.1.0.2,18506,3,0.0-8.6,139650,130656,0.196,0,95,0.000,0
20191031110845,10.1.0.2,18512,10.1.0.1,14012,3,0.0-11.4,2205000,1547258
20191031110845,10.1.0.1,14012,10.1.0.2,18512,3,0.0-11.4,2202060,1547331,0.075,2,1500,0.133,0
20191031110850,10.1.0.2,18524,10.1.0.1,14024,3,0.0-13.0,1699320,1045503
20191031110850,10.1.0.1,14024,10.1.0.2,18524,3,0.0-13.0,1694910,1045486,0.493,3,1156,0.260,0
20191031110855,10.1.0.2,18532,10.1.0.1,14032,3,0.0-16.5,4802490,2323450
20191031110855,10.1.0.1,14032,10.1.0.2,18532,3,0.0-16.5,4789260,2323949,0.102,9,3267,0.275,0
20191031110855,10.1.0.2,18569,10.1.0.1,14069,3,0.0-6.9,58800,68607
20191031110855,10.1.0.1,14069,10.1.0.2,18569,3,0.0-6.8,58800,68672,0.140,0,40,0.000,0
20191031110855,10.1.0.2,18504,10.1.0.1,14004,3,0.0-23.5,976080,332799
20191031110855,10.1.0.1,14004,10.1.0.2,18504,3,0.0-23.4,974610,332907,0.174,1,664,0.151,0
20191031110901,10.1.0.2,18507,10.1.0.1,14007,3,0.0-27.8,1070160,308223
20191031110901,10.1.0.1,14007,10.1.0.2,18507,3,0.0-27.8,1070160,308459,0.067,0,728,0.000,0
20191031110901,10.1.0.2,18585,10.1.0.1,14085,3,0.0-6.5,468930,581617
20191031110901,10.1.0.1,14085,10.1.0.2,18585,3,0.0-6.4,468930,582660,0.085,0,319,0.000,0
20191031110902,10.1.0.2,18538,10.1.0.1,14038,3,0.0-23.0,3867570,1343482
20191031110902,10.1.0.1,14038,10.1.0.2,18538,3,0.0-23.0,3866100,1343784,0.132,1,2631,0.038,0
20191031110906,10.1.0.2,18604,10.1.0.1,14104,3,0.0-6.3,1203930,1525743
20191031110906,10.1.0.1,14104,10.1.0.2,18604,3,0.0-6.3,1196580,1526922,0.079,5,819,0.611,0
20191031110907,10.1.0.2,18563,10.1.0.1,14063,3,0.0-19.7,3388350,1376249
20191031110907,10.1.0.1,14063,10.1.0.2,18563,3,0.0-19.7,3382470,1376759,0.103,4,2305,0.174,0
20191031110908,10.1.0.2,18527,10.1.0.1,14027,3,0.0-30.5,3739680,980990
20191031110908,10.1.0.1,14027,10.1.0.2,18527,3,0.0-30.4,3733800,980990,0.095,4,2544,0.157,0
20191031110909,10.1.0.2,18514,10.1.0.1,14014,3,0.0-34.5,4457040,1033214
20191031110909,10.1.0.1,14014,10.1.0.2,18514,3,0.0-34.5,4455570,1033499,0.085,1,3032,0.033,0
20191031110909,10.1.0.2,18631,10.1.0.1,14131,3,0.0-5.7,1021650,1441772
20191031110909,10.1.0.1,14131,10.1.0.2,18631,3,0.0-5.7,1021650,1442871,0.094,0,695,0.000,0
20191031110910,10.1.0.2,18515,10.1.0.1,14015,3,0.0-35.3,2322600,526335
20191031110910,10.1.0.1,14015,10.1.0.2,18515,3,0.0-35.3,2322600,526573,0.090,0,1580,0.000,0
20191031110910,10.1.0.2,18513,10.1.0.1,14013,3,0.0-36.3,3395700,748543
20191031110910,10.1.0.2,18530,10.1.0.1,14030,3,0.0-32.2,477750,118783
20191031110910,10.1.0.1,14030,10.1.0.2,18530,3,0.0-32.2,477750,118804,0.128,0,325,0.000,0
20191031110910,10.1.0.1,14013,10.1.0.2,18513,3,0.0-36.3,3395700,748699,1.095,0,2310,0.000,0
20191031110911,10.1.0.2,18605,10.1.0.1,14105,3,0.0-11.0,16170,11759
20191031110911,10.1.0.1,14105,10.1.0.2,18605,3,0.0-11.0,16170,11765,62.561,0,11,0.000,0
20191031110912,10.1.0.2,18617,10.1.0.1,14117,3,0.0-9.6,2713620,2264047
20191031110912,10.1.0.1,14117,10.1.0.2,18617,3,0.0-9.6,2712150,2264383,0.064,1,1846,0.054,0
20191031110913,10.1.0.2,18503,10.1.0.1,14003,3,0.0-41.0,3924900,765950
20191031110913,10.1.0.1,14003,10.1.0.2,18503,3,0.0-41.0,3923430,766156,0.137,1,2670,0.037,0
20191031110913,10.1.0.2,18630,10.1.0.1,14130,3,0.0-9.3,9056670,7805901
20191031110913,10.1.0.1,14130,10.1.0.2,18630,3,0.0-9.2,9024330,7805156,0.084,22,6161,0.357,0
20191031110913,10.1.0.2,18632,10.1.0.1,14132,3,0.0-9.3,291060,250878
20191031110914,10.1.0.1,14132,10.1.0.2,18632,3,0.0-9.2,289590,250973,0.236,1,198,0.505,0
20191031110914,10.1.0.2,18637,10.1.0.1,14137,3,0.0-8.7,355740,328702
20191031110914,10.1.0.1,14137,10.1.0.2,18637,3,0.0-8.7,355740,328846,0.119,0,242,0.000,0
20191031110915,10.1.0.2,18529,10.1.0.1,14029,3,0.0-36.6,867300,189439
20191031110915,10.1.0.1,14029,10.1.0.2,18529,3,0.0-36.6,867300,189621,0.164,0,590,0.000,0
20191031110915,10.1.0.2,18647,10.1.0.1,14147,3,0.0-6.6,1831620,2228198
20191031110915,10.1.0.1,14147,10.1.0.2,18647,3,0.0-6.6,1830150,2228835,0.049,1,1246,0.080,0
20191031110917,10.1.0.2,18558,10.1.0.1,14058,3,0.0-30.8,12752250,3308534
20191031110917,10.1.0.1,14058,10.1.0.2,18558,3,0.0-30.8,12747840,3308539,0.089,3,8675,0.035,0
20191031110917,10.1.0.2,18523,10.1.0.1,14023,3,0.0-41.1,1858080,361471
20191031110917,10.1.0.1,14023,10.1.0.2,18523,3,0.0-41.1,1858080,361676,0.223,0,1264,0.000,0
20191031110918,10.1.0.2,18535,10.1.0.1,14035,3,0.0-38.7,2832690,585726
20191031110918,10.1.0.1,14035,10.1.0.2,18535,3,0.0-38.7,2832690,585863,0.105,0,1927,0.000,0
20191031110919,10.1.0.2,18518,10.1.0.1,14018,3,0.0-43.8,8662710,1581051
20191031110919,10.1.0.1,14018,10.1.0.2,18518,3,0.0-43.8,8658300,1581216,0.098,3,5893,0.051,0
20191031110919,10.1.0.2,18540,10.1.0.1,14040,3,0.0-38.9,448350,92159
20191031110919,10.1.0.1,14040,10.1.0.2,18540,3,0.0-38.9,448350,92215,0.717,0,305,0.000,0
20191031110920,10.1.0.2,18584,10.1.0.1,14084,3,0.0-25.1,9090480,2897910
20191031110920,10.1.0.1,14084,10.1.0.2,18584,3,0.0-25.1,9084600,2897999,0.080,4,6184,0.065,0
20191031110920,10.1.0.2,18580,10.1.0.1,14080,3,0.0-25.7,2115330,658431
20191031110920,10.1.0.1,14080,10.1.0.2,18580,3,0.0-25.7,2113860,658512,0.102,1,1439,0.069,0
20191031110920,10.1.0.2,18595,10.1.0.1,14095,3,0.0-23.4,621810,212991
20191031110920,10.1.0.1,14095,10.1.0.2,18595,3,0.0-23.3,621810,213403,0.110,0,423,0.000,0
20191031110921,10.1.0.2,18628,10.1.0.1,14128,3,0.0-17.8,2581320,1158141
20191031110921,10.1.0.1,14128,10.1.0.2,18628,3,0.0-17.8,2579850,1158119,0.142,1,1756,0.057,0
20191031110921,10.1.0.2,18667,10.1.0.1,14167,3,0.0-7.1,89670,101375
20191031110921,10.1.0.1,14167,10.1.0.2,18667,3,0.0-7.1,89670,101618,0.211,0,61,0.000,0
20191031110921,10.1.0.2,18674,10.1.0.1,14174,3,0.0-6.4,848190,1058807
20191031110921,10.1.0.1,14174,10.1.0.2,18674,3,0.0-6.4,846720,1059725,0.067,1,577,0.173,0
20191031110922,10.1.0.2,18663,10.1.0.1,14163,3,0.0-8.3,33810,32767
20191031110922,10.1.0.1,14163,10.1.0.2,18663,3,0.0-8.2,33810,32861,62.586,0,23,0.000,0
20191031110922,10.1.0.2,18621,10.1.0.1,14121,3,0.0-19.6,1206870,493567
20191031110922,10.1.0.1,14121,10.1.0.2,18621,3,0.0-19.6,1206870,493798,0.089,0,821,0.000,0
20191031110923,10.1.0.2,18650,10.1.0.1,14150,3,0.0-12.7,1336230,839626
20191031110923,10.1.0.1,14150,10.1.0.2,18650,3,0.0-12.7,1334760,839711,0.081,1,909,0.110,0
20191031110924,10.1.0.2,18598,10.1.0.1,14098,3,0.0-25.6,141120,44031
20191031110924,10.1.0.2,18537,10.1.0.1,14037,3,0.0-44.5,3220770,578559
20191031110924,10.1.0.1,14098,10.1.0.2,18598,3,0.0-25.6,141120,44097,0.133,0,96,0.000,0
20191031110924,10.1.0.1,14037,10.1.0.2,18537,3,0.0-44.5,3220770,578604,0.095,0,2191,0.000,0
20191031110924,10.1.0.2,18626,10.1.0.1,14126,3,0.0-21.0,2065350,787453
20191031110924,10.1.0.2,18534,10.1.0.1,14034,3,0.0-45.2,10329690,1829885
20191031110924,10.1.0.1,14034,10.1.0.2,18534,3,0.0-45.1,10326750,1830008,0.091,2,7027,0.028,0
20191031110924,10.1.0.1,14126,10.1.0.2,18626,3,0.0-21.0,2065350,787661,0.108,0,1405,0.000,0
20191031110925,10.1.0.2,18602,10.1.0.1,14102,3,0.0-26.0,924630,284671
20191031110925,10.1.0.1,14102,10.1.0.2,18602,3,0.0-26.0,924630,284736,0.085,0,629,0.000,0
20191031110928,10.1.0.2,18633,10.1.0.1,14133,3,0.0-23.9,296940,99327
20191031110928,10.1.0.1,14133,10.1.0.2,18633,3,0.0-23.9,296940,99365,0.097,0,202,0.000,0
20191031110928,10.1.0.2,18700,10.1.0.1,14200,3,0.0-5.9,363090,492540
20191031110928,10.1.0.1,14200,10.1.0.2,18700,3,0.0-5.9,363090,492943,0.087,0,247,0.000,0
20191031110929,10.1.0.2,18544,10.1.0.1,14044,3,0.0-46.9,7277970,1241086
20191031110929,10.1.0.1,14044,10.1.0.2,18544,3,0.0-46.9,7276500,1241250,0.607,1,4951,0.020,0
20191031110929,10.1.0.2,18689,10.1.0.1,14189,3,0.0-8.6,1594950,1479673
20191031110929,10.1.0.1,14189,10.1.0.2,18689,3,0.0-8.6,1589070,1480297,0.097,4,1085,0.369,0
20191031110929,10.1.0.2,18521,10.1.0.1,14021,3,0.0-53.2,258720,38911
20191031110929,10.1.0.1,14021,10.1.0.2,18521,3,0.0-53.1,258720,38947,0.095,0,176,0.000,0
20191031110929,10.1.0.2,18662,10.1.0.1,14162,3,0.0-16.4,704130,344063
20191031110930,10.1.0.1,14162,10.1.0.2,18662,3,0.0-16.4,704130,344152,0.176,0,479,0.000,0
20191031110930,10.1.0.2,18542,10.1.0.1,14042,3,0.0-48.9,9287460,1519614
20191031110930,10.1.0.1,14042,10.1.0.2,18542,3,0.0-48.9,9283050,1519604,0.101,3,6318,0.047,0
20191031110930,10.1.0.2,18565,10.1.0.1,14065,3,0.0-42.5,14229600,2676732
20191031110930,10.1.0.1,14065,10.1.0.2,18565,3,0.0-42.5,14220780,2676811,0.104,6,9680,0.062,0
20191031110931,10.1.0.2,18559,10.1.0.1,14059,3,0.0-44.7,5957910,1067006
20191031110931,10.1.0.1,14059,10.1.0.2,18559,3,0.0-44.6,5953500,1067142,0.179,3,4053,0.074,0
20191031110931,10.1.0.2,18613,10.1.0.1,14113,3,0.0-30.1,917280,243711
20191031110931,10.1.0.1,14113,10.1.0.2,18613,3,0.0-30.1,917280,243785,0.127,0,624,0.000,0
20191031110932,10.1.0.2,18690,10.1.0.1,14190,3,0.0-11.3,385140,273405
20191031110932,10.1.0.1,14190,10.1.0.2,18690,3,0.0-11.2,383670,273422,0.076,1,262,0.382,0
20191031110932,10.1.0.2,18577,10.1.0.1,14077,3,0.0-39.3,5250840,1069053
20191031110932,10.1.0.1,14077,10.1.0.2,18577,3,0.0-39.2,5244960,1069092,0.124,4,3572,0.112,0
20191031110932,10.1.0.2,18696,10.1.0.1,14196,3,0.0-9.9,989310,797692
20191031110932,10.1.0.1,14196,10.1.0.2,18696,3,0.0-9.9,989310,798505,0.073,0,673,0.000,0
20191031110932,10.1.0.2,18501,10.1.0.1,14001,3,0.0-60.9,18186840,2390014
20191031110932,10.1.0.1,14001,10.1.0.2,18501,3,0.0-60.8,18176550,2390028,0.083,7,12372,0.057,0
20191031110932,10.1.0.2,18718,10.1.0.1,14218,3,0.0-6.5,999600,1225722
20191031110933,10.1.0.2,18640,10.1.0.1,14140,3,0.0-26.3,6766410,2061308
20191031110933,10.1.0.1,14140,10.1.0.2,18640,3,0.0-26.2,6760530,2061131,0.118,4,4603,0.087,0
20191031110933,10.1.0.2,18713,10.1.0.1,14213,3,0.0-7.6,793800,836602
20191031110933,10.1.0.1,14218,10.1.0.2,18718,3,0.0-6.5,996660,1226635,0.379,2,680,0.294,0
20191031110933,10.1.0.1,14213,10.1.0.2,18713,3,0.0-7.6,793800,837812,0.121,0,540,0.000,0
20191031110934,10.1.0.2,18586,10.1.0.1,14086,3,0.0-39.3,16446360,3347451
20191031110934,10.1.0.1,14086,10.1.0.2,18586,3,0.0-39.3,16444890,3347635,0.082,1,11188,0.009,0
20191031110935,10.1.0.2,18551,10.1.0.1,14051,3,0.0-51.2,2163840,337919
20191031110935,10.1.0.1,14051,10.1.0.2,18551,3,0.0-51.2,2162370,337912,0.094,1,1472,0.068,0
20191031110935,10.1.0.2,18574,10.1.0.1,14074,3,0.0-44.5,3625020,652287
20191031110935,10.1.0.2,18516,10.1.0.1,14016,3,0.0-60.4,1392090,184319
20191031110935,10.1.0.1,14074,10.1.0.2,18574,3,0.0-44.4,3625020,652429,0.136,0,2466,0.000,0
20191031110935,10.1.0.1,14016,10.1.0.2,18516,3,0.0-60.4,1392090,184334,0.077,0,947,0.000,0
20191031110937,10.1.0.2,18606,10.1.0.1,14106,3,0.0-36.3,15270360,3365883
20191031110937,10.1.0.1,14106,10.1.0.2,18606,3,0.0-36.3,15254190,3365991,0.166,11,10388,0.106,0
20191031110937,10.1.0.2,18612,10.1.0.1,14112,3,0.0-35.6,7477890,1681405
20191031110937,10.1.0.1,14112,10.1.0.2,18612,3,0.0-35.6,7476420,1681484,0.183,1,5087,0.020,0
20191031110937,10.1.0.2,18649,10.1.0.1,14149,3,0.0-26.5,1136310,343038
20191031110937,10.1.0.1,14149,10.1.0.2,18649,3,0.0-26.5,1136310,343109,0.272,0,773,0.000,0
20191031110937,10.1.0.2,18554,10.1.0.1,14054,3,0.0-52.9,3648540,551935
20191031110937,10.1.0.1,14054,10.1.0.2,18554,3,0.0-52.9,3648540,552057,0.112,0,2482,0.000,0
20191031110937,10.1.0.2,18594,10.1.0.1,14094,3,0.0-40.5,1227450,242687
20191031110937,10.1.0.1,14094,10.1.0.2,18594,3,0.0-40.4,1227450,242793,0.224,0,835,0.000,0
20191031110938,10.1.0.2,18583,10.1.0.1,14083,3,0.0-42.9,2065350,385023
20191031110938,10.1.0.1,14083,10.1.0.2,18583,3,0.0-42.9,2063880,385019,0.108,1,1405,0.071,0
20191031110938,10.1.0.2,18730,10.1.0.1,14230,3,0.0-8.1,2169720,2146282
20191031110938,10.1.0.1,14230,10.1.0.2,18730,3,0.0-8.0,2155020,2145806,0.125,10,1476,0.678,0
20191031110938,10.1.0.2,18723,10.1.0.1,14223,3,0.0-11.1,4899510,3523570
20191031110938,10.1.0.2,18672,10.1.0.1,14172,3,0.0-23.8,590940,198655
20191031110938,10.1.0.1,14172,10.1.0.2,18672,3,0.0-23.8,590940,198799,0.122,0,402,0.000,0
20191031110938,10.1.0.1,14223,10.1.0.2,18723,3,0.0-11.1,4886280,3523758,0.060,9,3333,0.270,0
20191031110939,10.1.0.2,18661,10.1.0.1,14161,3,0.0-26.4,91140,27647
20191031110939,10.1.0.1,14161,10.1.0.2,18661,3,0.0-26.4,91140,27655,0.074,0,62,0.000,0
20191031110940,10.1.0.2,18680,10.1.0.1,14180,3,0.0-21.5,354270,132095
20191031110940,10.1.0.1,14180,10.1.0.2,18680,3,0.0-21.4,354270,132141,62.594,0,241,0.000,0
20191031110940,10.1.0.2,18686,10.1.0.1,14186,3,0.0-20.9,1800750,688125
20191031110940,10.1.0.1,14186,10.1.0.2,18686,3,0.0-20.9,1799280,688505,0.065,1,1225,0.082,0
20191031110940,10.1.0.2,18522,10.1.0.1,14022,3,0.0-64.0,12606720,1576959
20191031110940,10.1.0.1,14022,10.1.0.2,18522,3,0.0-63.9,12605250,1577066,0.091,1,8576,0.012,0
20191031110940,10.1.0.2,18695,10.1.0.1,14195,3,0.0-18.3,5643330,2469882
20191031110940,10.1.0.1,14195,10.1.0.2,18695,3,0.0-18.2,5628630,2469829,0.066,10,3839,0.260,0
20191031110941,10.1.0.2,18701,10.1.0.1,14201,3,0.0-17.9,3453030,1547260
20191031110941,10.1.0.1,14201,10.1.0.2,18701,3,0.0-17.8,3444210,1547154,0.065,6,2349,0.255,0
20191031110941,10.1.0.2,18679,10.1.0.1,14179,3,0.0-22.9,1515570,529406
20191031110941,10.1.0.1,14179,10.1.0.2,18679,3,0.0-22.9,1515570,529537,0.088,0,1031,0.000,0
20191031110941,10.1.0.2,18581,10.1.0.1,14081,3,0.0-46.7,1483230,253951
20191031110941,10.1.0.1,14081,10.1.0.2,18581,3,0.0-46.7,1483230,254057,0.446,0,1009,0.000,0
20191031110941,10.1.0.2,18568,10.1.0.1,14068,3,0.0-52.9,4526130,685055
20191031110941,10.1.0.1,14068,10.1.0.2,18568,3,0.0-52.8,4523190,685063,0.084,2,3079,0.065,0
20191031110942,10.1.0.2,18520,10.1.0.1,14020,3,0.0-66.5,4823070,580607
20191031110942,10.1.0.1,14020,10.1.0.2,18520,3,0.0-66.4,4821600,580600,0.117,1,3281,0.030,0
20191031110942,10.1.0.2,18618,10.1.0.1,14118,3,0.0-39.9,5268480,1055743
20191031110942,10.1.0.1,14118,10.1.0.2,18618,3,0.0-39.9,5265540,1055756,0.091,2,3584,0.056,0
20191031110943,10.1.0.2,18561,10.1.0.1,14061,3,0.0-55.7,2743020,394239
20191031110943,10.1.0.2,18709,10.1.0.1,14209,3,0.0-18.5,1725780,746492
20191031110943,10.1.0.1,14061,10.1.0.2,18561,3,0.0-55.6,2743020,394425,0.125,0,1866,0.000,0
20191031110943,10.1.0.1,14209,10.1.0.2,18709,3,0.0-18.5,1725780,746735,0.073,0,1174,0.000,0
20191031110943,10.1.0.2,18511,10.1.0.1,14011,3,0.0-69.6,9588810,1102847
20191031110943,10.1.0.1,14011,10.1.0.2,18511,3,0.0-69.5,9587340,1102839,0.124,1,6523,0.015,0
20191031110944,10.1.0.2,18658,10.1.0.1,14158,3,0.0-30.8,1415610,367615
20191031110944,10.1.0.1,14158,10.1.0.2,18658,3,0.0-30.8,1414140,367856,0.114,1,963,0.104,0
20191031110944,10.1.0.2,18768,10.1.0.1,14268,3,0.0-6.0,1087800,1440758
20191031110944,10.1.0.1,14268,10.1.0.2,18768,3,0.0-6.0,1086330,1440828,0.062,1,740,0.135,0
20191031110945,10.1.0.2,18590,10.1.0.1,14090,3,0.0-48.6,3466260,570367
20191031110945,10.1.0.1,14090,10.1.0.2,18590,3,0.0-48.6,3464790,570491,0.679,1,2358,0.042,0
20191031110945,10.1.0.2,18556,10.1.0.1,14056,3,0.0-59.7,8186430,1096702
20191031110945,10.1.0.1,14056,10.1.0.2,18556,3,0.0-59.7,8180550,1096755,0.107,4,5569,0.072,0
20191031110946,10.1.0.2,18750,10.1.0.1,14250,3,0.0-11.5,3066420,2141180
20191031110946,10.1.0.1,14250,10.1.0.2,18750,3,0.0-11.4,3053190,2141433,0.055,9,2086,0.431,0
20191031110946,10.1.0.2,18671,10.1.0.1,14171,3,0.0-31.6,1824270,461823
20191031110946,10.1.0.1,14171,10.1.0.2,18671,3,0.0-31.6,1822800,461748,0.088,1,1241,0.081,0
20191031110946,10.1.0.2,18656,10.1.0.1,14156,3,0.0-34.3,886410,206847
20191031110946,10.1.0.1,14156,10.1.0.2,18656,3,0.0-34.2,886410,207104,0.288,0,603,0.000,0
20191031110947,10.1.0.2,18571,10.1.0.1,14071,3,0.0-57.6,11676210,1622014
20191031110947,10.1.0.1,14071,10.1.0.2,18571,3,0.0-57.6,11668860,1622012,0.396,5,7943,0.063,0
20191031110947,10.1.0.2,18726,10.1.0.1,14226,3,0.0-18.9,1328880,561152
20191031110947,10.1.0.2,18578,10.1.0.1,14078,3,0.0-53.2,13659240,2055166
20191031110947,10.1.0.1,14078,10.1.0.2,18578,3,0.0-53.1,13648950,2055320,0.220,7,9292,0.075,0
20191031110947,10.1.0.1,14226,10.1.0.2,18726,3,0.0-18.9,1328880,561349,0.581,0,904,0.000,0
20191031110947,10.1.0.2,18591,10.1.0.1,14091,3,0.0-51.0,3439800,539647
20191031110948,10.1.0.1,14091,10.1.0.2,18591,3,0.0-51.0,3438330,539659,0.251,1,2340,0.043,0
20191031110948,10.1.0.2,18763,10.1.0.1,14263,3,0.0-11.3,893760,633853
20191031110948,10.1.0.1,14263,10.1.0.2,18763,3,0.0-11.2,892290,634813,0.074,1,608,0.164,0
20191031110948,10.1.0.2,18688,10.1.0.1,14188,3,0.0-29.1,2982630,821245
20191031110948,10.1.0.2,18555,10.1.0.1,14055,3,0.0-63.7,18823350,2363389
20191031110949,10.1.0.2,18648,10.1.0.1,14148,3,0.0-38.0,1606710,337918
20191031110949,10.1.0.1,14148,10.1.0.2,18648,3,0.0-38.0,1606710,338155,62.635,0,1093,0.000,0
20191031110949,10.1.0.2,18528,10.1.0.1,14028,3,0.0-71.1,3313380,372735
20191031110949,10.1.0.1,14028,10.1.0.2,18528,3,0.0-71.1,3313380,372821,0.150,0,2254,0.000,0
20191031110949,10.1.0.2,18781,10.1.0.1,14281,3,0.0-8.7,130830,120830
20191031110949,10.1.0.1,14281,10.1.0.2,18781,3,0.0-8.6,130830,121317,0.067,0,89,0.000,0
20191031110949,10.1.0.1,14188,10.1.0.2,18688,3,0.0-29.0,2981160,821527,0.077,1,2029,0.049,0
20191031110949,10.1.0.1,14055,10.1.0.2,18555,3,0.0-63.7,18817470,2363345,0.102,4,12805,0.031,0
20191031110949,10.1.0.2,18526,10.1.0.1,14026,3,0.0-71.8,7050120,785407
20191031110949,10.1.0.1,14026,10.1.0.2,18526,3,0.0-71.8,7045710,785470,0.286,3,4796,0.063,0
20191031110951,10.1.0.2,18659,10.1.0.1,14159,3,0.0-38.2,5971140,1250302
20191031110951,10.1.0.1,14159,10.1.0.2,18659,3,0.0-38.2,5968200,1250418,0.131,2,4062,0.049,0
20191031110951,10.1.0.2,18611,10.1.0.1,14111,3,0.0-50.3,8356950,1330174
20191031110951,10.1.0.1,14111,10.1.0.2,18611,3,0.0-50.2,8355480,1330343,0.092,1,5685,0.018,0
20191031110952,10.1.0.2,18746,10.1.0.1,14246,3,0.0-17.7,1806630,818172
20191031110952,10.1.0.1,14246,10.1.0.2,18746,3,0.0-17.6,1802220,818255,0.115,3,1229,0.244,0
20191031110952,10.1.0.2,18509,10.1.0.1,14009,3,0.0-78.2,6945750,710655
20191031110952,10.1.0.1,14009,10.1.0.2,18509,3,0.0-78.2,6945750,710692,0.151,0,4725,0.000,0
20191031110952,10.1.0.2,18505,10.1.0.1,14005,3,0.0-79.4,19753860,1990654
20191031110952,10.1.0.1,14005,10.1.0.2,18505,3,0.0-79.4,19753860,1990719,0.105,0,13438,0.000,0
20191031110953,10.1.0.2,18755,10.1.0.1,14255,3,0.0-17.0,2644530,1244155
20191031110953,10.1.0.1,14255,10.1.0.2,18755,3,0.0-17.0,2640120,1244624,0.078,3,1799,0.167,0
20191031110953,10.1.0.2,18717,10.1.0.1,14217,3,0.0-27.2,1284780,377855
20191031110953,10.1.0.2,18567,10.1.0.1,14067,3,0.0-64.9,30555420,3767293
20191031110953,10.1.0.1,14067,10.1.0.2,18567,3,0.0-64.9,30546600,3767374,0.097,6,20786,0.029,0
20191031110953,10.1.0.1,14217,10.1.0.2,18717,3,0.0-27.2,1283310,377883,0.155,1,874,0.114,0
20191031110954,10.1.0.2,18732,10.1.0.1,14232,3,0.0-22.8,198450,69631
20191031110954,10.1.0.1,14232,10.1.0.2,18732,3,0.0-22.8,198450,69758,62.554,0,135,0.000,0
20191031110954,10.1.0.2,18552,10.1.0.1,14052,3,0.0-69.2,12098100,1397758
20191031110954,10.1.0.1,14052,10.1.0.2,18552,3,0.0-69.2,12092220,1397813,0.135,4,8230,0.049,0
20191031110954,10.1.0.2,18748,10.1.0.1,14248,3,0.0-19.9,1261260,506877
20191031110954,10.1.0.1,14248,10.1.0.2,18748,3,0.0-19.9,1261260,507301,0.110,0,858,0.000,0
20191031110954,10.1.0.2,18553,10.1.0.1,14053,3,0.0-69.7,6159300,706558
20191031110954,10.1.0.2,18741,10.1.0.1,14241,3,0.0-21.0,3163440,1204224
20191031110954,10.1.0.1,14053,10.1.0.2,18553,3,0.0-69.7,6157830,706551,0.086,1,4190,0.024,0
20191031110954,10.1.0.1,14241,10.1.0.2,18741,3,0.0-21.0,3163440,1204458,0.075,0,2152,0.000,0
20191031110954,10.1.0.2,18502,10.1.0.1,14002,3,0.0-82.9,392490,37887
20191031110954,10.1.0.1,14002,10.1.0.2,18502,3,0.0-82.9,392490,37893,0.112,0,267,0.000,0
20191031110954,10.1.0.2,18736,10.1.0.1,14236,3,0.0-23.2,308700,106495
20191031110955,10.1.0.1,14236,10.1.0.2,18736,3,0.0-23.2,308700,106543,0.073,0,210,0.000,0
20191031110955,10.1.0.2,18653,10.1.0.1,14153,3,0.0-43.3,9434460,1743871
20191031110955,10.1.0.1,14153,10.1.0.2,18653,3,0.0-43.3,9432990,1744064,0.059,1,6418,0.016,0
20191031110955,10.1.0.2,18531,10.1.0.1,14031,3,0.0-76.8,18367650,1913854
20191031110955,10.1.0.1,14031,10.1.0.2,18531,3,0.0-76.8,18366180,1913837,0.342,1,12495,0.008,0
20191031110955,10.1.0.2,18807,10.1.0.1,14307,3,0.0-10.3,776160,604156
20191031110955,10.1.0.1,14307,10.1.0.2,18807,3,0.0-10.3,774690,604249,0.486,1,528,0.189,0
20191031110955,10.1.0.2,18519,10.1.0.1,14019,3,0.0-79.7,9363900,940031
20191031110955,10.1.0.1,14019,10.1.0.2,18519,3,0.0-79.7,9360960,940029,0.300,2,6370,0.031,0
20191031110955,10.1.0.2,18708,10.1.0.1,14208,3,0.0-31.2,1838970,471038
20191031110955,10.1.0.1,14208,10.1.0.2,18708,3,0.0-31.2,1838970,471315,0.204,0,1251,0.000,0
20191031110956,10.1.0.2,18706,10.1.0.1,14206,3,0.0-31.7,6222510,1568766
20191031110956,10.1.0.1,14206,10.1.0.2,18706,3,0.0-31.7,6221040,1568778,0.057,1,4233,0.024,0
20191031110956,10.1.0.2,18687,10.1.0.1,14187,3,0.0-37.0,5161170,1116156
20191031110956,10.1.0.1,14187,10.1.0.2,18687,3,0.0-36.9,5155290,1116285,0.060,4,3511,0.114,0
20191031110956,10.1.0.2,18610,10.1.0.1,14110,3,0.0-55.3,8759730,1266686
20191031110956,10.1.0.1,14110,10.1.0.2,18610,3,0.0-55.3,8752380,1266701,0.107,5,5959,0.084,0
20191031110957,10.1.0.2,18832,10.1.0.1,14332,3,0.0-5.1,723240,1143786
20191031110957,10.1.0.2,18817,10.1.0.1,14317,3,0.0-9.7,1195110,988155
20191031110957,10.1.0.1,14332,10.1.0.2,18832,3,0.0-5.0,720300,1145838,0.051,2,492,0.407,0
20191031110957,10.1.0.1,14317,10.1.0.2,18817,3,0.0-9.7,1193640,988384,0.068,1,813,0.123,0
20191031110957,10.1.0.2,18787,10.1.0.1,14287,3,0.0-15.8,227850,115711
20191031110957,10.1.0.1,14287,10.1.0.2,18787,3,0.0-15.7,227850,115951,0.098,0,155,0.000,0
20191031110957,10.1.0.2,18545,10.1.0.1,14045,3,0.0-74.8,4751040,507903
20191031110957,10.1.0.1,14045,10.1.0.2,18545,3,0.0-74.8,4751040,507922,0.117,0,3232,0.000,0
20191031110957,10.1.0.2,18576,10.1.0.1,14076,3,0.0-65.5,586530,71679
20191031110957,10.1.0.1,14076,10.1.0.2,18576,3,0.0-65.5,586530,71684,0.247,0,399,0.000,0
20191031110958,10.1.0.2,18692,10.1.0.1,14192,3,0.0-37.1,5391960,1162238
20191031110958,10.1.0.1,14192,10.1.0.2,18692,3,0.0-37.1,5391960,1162408,0.067,0,3668,0.000,0
20191031110958,10.1.0.2,18716,10.1.0.1,14216,3,0.0-32.3,4218900,1045502
20191031110958,10.1.0.1,14216,10.1.0.2,18716,3,0.0-32.3,4218900,1045787,0.059,0,2870,0.000,0
20191031110958,10.1.0.2,18517,10.1.0.1,14017,3,0.0-83.6,1861020,178175
20191031110958,10.1.0.1,14017,10.1.0.2,18517,3,0.0-83.5,1861020,178285,0.107,0,1266,0.000,0
20191031110958,10.1.0.2,18510,10.1.0.1,14010,3,0.0-84.8,6857550,647167
20191031110958,10.1.0.1,14010,10.1.0.2,18510,3,0.0-84.7,6856080,647188,0.099,1,4665,0.021,0
20191031110959,10.1.0.2,18550,10.1.0.1,14050,3,0.0-75.6,6385680,675839
20191031110959,10.1.0.1,14050,10.1.0.2,18550,3,0.0-75.6,6382740,675830,0.579,2,4344,0.046,0
20191031110959,10.1.0.2,18596,10.1.0.1,14096,3,0.0-61.3,5497800,717823
20191031110959,10.1.0.2,18762,10.1.0.1,14262,3,0.0-22.0,4545240,1655801
20191031110959,10.1.0.1,14096,10.1.0.2,18596,3,0.0-61.3,5496330,717852,0.604,1,3740,0.027,0
20191031110959,10.1.0.1,14262,10.1.0.2,18762,3,0.0-21.9,4537890,1656101,0.471,5,3092,0.162,0
20191031111000,10.1.0.2,18824,10.1.0.1,14324,3,0.0-11.5,1631700,1133563
20191031111000,10.1.0.1,14324,10.1.0.2,18824,3,0.0-11.5,1628760,1133788,0.073,2,1110,0.180,0
20191031111001,10.1.0.2,18588,10.1.0.1,14088,3,0.0-65.2,1686090,206847
20191031111001,10.1.0.1,14088,10.1.0.2,18588,3,0.0-65.2,1686090,206865,0.088,0,1147,0.000,0
20191031111001,10.1.0.2,18607,10.1.0.1,14107,3,0.0-60.5,13232940,1748989
20191031111001,10.1.0.2,18842,10.1.0.1,14342,3,0.0-8.5,527730,498683
20191031111001,10.1.0.1,14107,10.1.0.2,18607,3,0.0-60.5,13225590,1749006,0.709,5,9002,0.056,0
20191031111001,10.1.0.1,14342,10.1.0.2,18842,3,0.0-8.4,527730,499734,0.662,0,359,0.000,0
20191031111001,10.1.0.2,18635,10.1.0.1,14135,3,0.0-56.4,14379540,2040827
20191031111001,10.1.0.1,14135,10.1.0.2,18635,3,0.0-56.4,14378070,2040848,0.146,1,9782,0.010,0
20191031111001,10.1.0.2,18720,10.1.0.1,14220,3,0.0-35.1,242550,55295
20191031111001,10.1.0.1,14220,10.1.0.2,18720,3,0.0-35.1,242550,55305,0.099,0,165,0.000,0
20191031111002,10.1.0.2,18856,10.1.0.1,14356,3,0.0-5.9,269010,367612
20191031111002,10.1.0.1,14356,10.1.0.2,18856,3,0.0-5.8,269010,368365,0.059,0,183,0.000,0
20191031111002,10.1.0.2,18693,10.1.0.1,14193,3,0.0-40.9,1115730,218111
20191031111002,10.1.0.1,14193,10.1.0.2,18693,3,0.0-40.9,1115730,218354,0.087,0,759,0.000,0
20191031111003,10.1.0.2,18850,10.1.0.1,14350,3,0.0-7.8,433650,442365
20191031111003,10.1.0.1,14350,10.1.0.2,18850,3,0.0-7.8,433650,443239,62.611,0,295,0.000,0
20191031111003,10.1.0.2,18564,10.1.0.1,14064,3,0.0-75.0,23298030,2486270
20191031111003,10.1.0.1,14064,10.1.0.2,18564,3,0.0-74.9,23287740,2486336,0.086,7,15849,0.044,0
20191031111003,10.1.0.2,18546,10.1.0.1,14046,3,0.0-80.4,3139920,312319
20191031111003,10.1.0.1,14046,10.1.0.2,18546,3,0.0-80.4,3139920,312396,0.420,0,2136,0.000,0
20191031111003,10.1.0.2,18814,10.1.0.1,14314,3,0.0-16.8,2704800,1291259
20191031111003,10.1.0.1,14314,10.1.0.2,18814,3,0.0-16.8,2704800,1291600,0.260,0,1840,0.000,0
20191031111004,10.1.0.2,18728,10.1.0.1,14228,3,0.0-35.0,192570,44031
20191031111004,10.1.0.1,14228,10.1.0.2,18728,3,0.0-35.0,192570,44061,0.129,0,131,0.000,0
20191031111004,10.1.0.2,18616,10.1.0.1,14116,3,0.0-62.6,14689710,1876990
20191031111004,10.1.0.1,14116,10.1.0.2,18616,3,0.0-62.6,14688240,1876957,0.138,1,9993,0.010,0
20191031111004,10.1.0.2,18536,10.1.0.1,14036,3,0.0-85.3,5227320,490495
20191031111005,10.1.0.1,14036,10.1.0.2,18536,3,0.0-85.3,5227320,490538,0.115,0,3556,0.000,0
20191031111005,10.1.0.2,18597,10.1.0.1,14097,3,0.0-66.6,1218630,146431
20191031111005,10.1.0.2,18615,10.1.0.1,14115,3,0.0-63.2,3197250,404479
20191031111005,10.1.0.1,14115,10.1.0.2,18615,3,0.0-63.2,3197250,404518,0.111,0,2175,0.000,0
20191031111005,10.1.0.1,14097,10.1.0.2,18597,3,0.0-66.6,1218630,146456,0.122,0,829,0.000,0
20191031111005,10.1.0.2,18793,10.1.0.1,14293,3,0.0-23.1,316050,109567
20191031111005,10.1.0.1,14293,10.1.0.2,18793,3,0.0-23.1,316050,109586,0.060,0,215,0.000,0
20191031111005,10.1.0.2,18560,10.1.0.1,14060,3,0.0-78.0,5972610,612351
20191031111005,10.1.0.1,14060,10.1.0.2,18560,3,0.0-78.0,5971140,612360,0.097,1,4063,0.025,0
20191031111005,10.1.0.2,18734,10.1.0.1,14234,3,0.0-34.1,646800,151551
20191031111005,10.1.0.1,14234,10.1.0.2,18734,3,0.0-34.1,646800,151646,0.612,0,440,0.000,0
20191031111006,10.1.0.2,18724,10.1.0.1,14224,3,0.0-37.8,3251640,688127
20191031111006,10.1.0.1,14224,10.1.0.2,18724,3,0.0-37.8,3248700,688287,0.065,2,2212,0.090,0
20191031111006,10.1.0.2,18733,10.1.0.1,14233,3,0.0-34.8,14854350,3419121
20191031111006,10.1.0.1,14233,10.1.0.2,18733,3,0.0-34.7,14839650,3419325,0.081,10,10105,0.099,0
20191031111006,10.1.0.2,18638,10.1.0.1,14138,3,0.0-59.9,3620610,483327
20191031111006,10.1.0.1,14138,10.1.0.2,18638,3,0.0-59.9,3619140,483409,0.076,1,2463,0.041,0
20191031111007,10.1.0.2,18802,10.1.0.1,14302,3,0.0-23.0,2684220,933886
20191031111007,10.1.0.1,14302,10.1.0.2,18802,3,0.0-22.9,2679810,934569,0.076,3,1826,0.164,0
20191031111007,10.1.0.2,18525,10.1.0.1,14025,3,0.0-89.7,24779790,2210814
20191031111007,10.1.0.1,14025,10.1.0.2,18525,3,0.0-89.6,24768030,2210896,0.085,8,16857,0.047,0
20191031111007,10.1.0.2,18835,10.1.0.1,14335,3,0.0-15.4,1036350,539646
20191031111007,10.1.0.1,14335,10.1.0.2,18835,3,0.0-15.3,1033410,539960,0.432,2,705,0.284,0
20191031111007,10.1.0.2,18775,10.1.0.1,14275,3,0.0-28.7,3059070,851966
20191031111007,10.1.0.2,18678,10.1.0.1,14178,3,0.0-49.8,8558340,1375230
20191031111007,10.1.0.1,14178,10.1.0.2,18678,3,0.0-49.8,8555400,1375278,0.127,2,5822,0.034,0
20191031111008,10.1.0.1,14275,10.1.0.2,18775,3,0.0-28.7,3056130,852271,0.111,2,2081,0.096,0
20191031111008,10.1.0.2,18508,10.1.0.1,14008,3,0.0-95.2,10288530,864255
20191031111008,10.1.0.1,14008,10.1.0.2,18508,3,0.0-95.2,10285590,864317,0.112,2,6999,0.029,0
20191031111008,10.1.0.2,18808,10.1.0.1,14308,3,0.0-23.6,2456370,832509
20191031111009,10.1.0.2,18566,10.1.0.1,14066,3,0.0-80.5,19189380,1907711
20191031111009,10.1.0.1,14066,10.1.0.2,18566,3,0.0-80.4,19183500,1907703,0.107,4,13054,0.031,0
20191031111009,10.1.0.2,18813,10.1.0.1,14313,3,0.0-22.4,220500,78847
20191031111009,10.1.0.1,14313,10.1.0.2,18813,3,0.0-22.3,220500,78927,62.597,0,150,0.000,0
20191031111009,10.1.0.2,18792,10.1.0.1,14292,3,0.0-27.1,11398380,3368952
20191031111009,10.1.0.1,14308,10.1.0.2,18808,3,0.0-23.6,2454900,832527,0.083,1,1671,0.060,0
20191031111009,10.1.0.1,14292,10.1.0.2,18792,3,0.0-27.1,11395440,3368655,0.082,2,7754,0.026,0
20191031111009,10.1.0.2,18840,10.1.0.1,14340,3,0.0-16.6,1183350,571390
20191031111009,10.1.0.1,14340,10.1.0.2,18840,3,0.0-16.5,1180410,571620,0.072,2,805,0.248,0
20191031111009,10.1.0.2,18858,10.1.0.1,14358,3,0.0-12.6,2105040,1332215
20191031111009,10.1.0.1,14358,10.1.0.2,18858,3,0.0-12.6,2103570,1332343,0.453,1,1432,0.070,0
20191031111009,10.1.0.2,18826,10.1.0.1,14326,3,0.0-20.0,979020,392190
20191031111009,10.1.0.1,14326,10.1.0.2,18826,3,0.0-19.9,977550,392408,0.690,1,666,0.150,0
20191031111009,10.1.0.2,18614,10.1.0.1,14114,3,0.0-68.0,1165710,137215
20191031111009,10.1.0.1,14114,10.1.0.2,18614,3,0.0-67.9,1165710,137317,0.126,0,793,0.000,0
20191031111010,10.1.0.2,18547,10.1.0.1,14047,3,0.0-87.0,127890,11759
20191031111010,10.1.0.2,18599,10.1.0.1,14099,3,0.0-71.3,2847390,319487
20191031111010,10.1.0.1,14047,10.1.0.2,18547,3,0.0-86.0,126420,11759,62.577,1,87,1.149,0
20191031111010,10.1.0.1,14099,10.1.0.2,18599,3,0.0-71.3,2847390,319551,0.428,0,1937,0.000,0
20191031111010,10.1.0.2,18639,10.1.0.1,14139,3,0.0-63.6,3217830,404479
20191031111010,10.1.0.1,14139,10.1.0.2,18639,3,0.0-63.6,3216360,404472,0.061,1,2189,0.046,0
20191031111010,10.1.0.2,18822,10.1.0.1,14322,3,0.0-23.2,335160,115711
20191031111010,10.1.0.1,14322,10.1.0.2,18822,3,0.0-23.2,335160,115731,0.068,0,228,0.000,0
20191031111010,10.1.0.2,18549,10.1.0.1,14049,3,0.0-87.4,2997330,274431
20191031111010,10.1.0.1,14049,10.1.0.2,18549,3,0.0-87.3,2995860,274428,0.099,1,2039,0.049,0
20191031111011,10.1.0.2,18641,10.1.0.1,14141,3,0.0-64.0,8850870,1106942
20191031111011,10.1.0.1,14141,10.1.0.2,18641,3,0.0-63.9,8844990,1106954,0.058,4,6021,0.066,0
20191031111011,10.1.0.2,18624,10.1.0.1,14124,3,0.0-67.9,1303890,153599
20191031111011,10.1.0.1,14124,10.1.0.2,18624,3,0.0-67.9,1303890,153704,0.086,0,887,0.000,0
20191031111011,10.1.0.2,18894,10.1.0.1,14394,3,0.0-6.8,51450,60415
20191031111011,10.1.0.1,14394,10.1.0.2,18894,3,0.0-6.6,49980,60421,0.087,1,35,2.857,0
20191031111012,10.1.0.2,18533,10.1.0.1,14033,3,0.0-92.8,10586940,912383
20191031111012,10.1.0.1,14033,10.1.0.2,18533,3,0.0-92.8,10585470,912432,0.132,1,7202,0.014,0
20191031111012,10.1.0.2,18665,10.1.0.1,14165,3,0.0-58.2,3992520,548862
20191031111012,10.1.0.2,18670,10.1.0.1,14170,3,0.0-57.3,9505020,1328125
20191031111012,10.1.0.1,14165,10.1.0.2,18665,3,0.0-58.2,3992520,548894,0.134,0,2716,0.000,0
20191031111012,10.1.0.1,14170,10.1.0.2,18670,3,0.0-57.2,9500610,1328206,0.073,3,6466,0.046,0
20191031111012,10.1.0.2,18593,10.1.0.1,14093,3,0.0-75.2,4709880,500735
20191031111012,10.1.0.1,14093,10.1.0.2,18593,3,0.0-75.2,4708410,500805,0.176,1,3204,0.031,0
20191031111012,10.1.0.2,18848,10.1.0.1,14348,3,0.0-18.4,14529480,6302700
20191031111012,10.1.0.1,14348,10.1.0.2,18848,3,0.0-18.4,14514780,6302856,0.063,10,9884,0.101,0
20191031111013,10.1.0.2,18627,10.1.0.1,14127,3,0.0-69.5,1049580,120831
20191031111013,10.1.0.1,14127,10.1.0.2,18627,3,0.0-69.5,1049580,120850,62.585,0,714,0.000,0
20191031111013,10.1.0.2,18557,10.1.0.1,14057,3,0.0-87.1,17429790,1600511
20191031111013,10.1.0.2,18570,10.1.0.1,14070,3,0.0-84.0,4020450,382975
20191031111013,10.1.0.2,18572,10.1.0.1,14072,3,0.0-83.1,627690,60415
20191031111013,10.1.0.1,14072,10.1.0.2,18572,3,0.0-83.1,627690,60427,0.089,0,427,0.000,0
20191031111013,10.1.0.1,14057,10.1.0.2,18557,3,0.0-87.1,17428320,1600502,0.097,1,11857,0.008,0
20191031111013,10.1.0.1,14070,10.1.0.2,18570,3,0.0-83.9,4018980,383072,0.124,1,2735,0.037,0
20191031111013,10.1.0.2,18767,10.1.0.1,14267,3,0.0-35.6,5277300,1185789
20191031111013,10.1.0.1,14267,10.1.0.2,18767,3,0.0-35.6,5275830,1185883,0.274,1,3590,0.028,0
20191031111013,10.1.0.2,18543,10.1.0.1,14043,3,0.0-92.0,10672200,927743
20191031111013,10.1.0.1,14043,10.1.0.2,18543,3,0.0-92.0,10667790,927796,0.208,3,7260,0.041,0
20191031111013,10.1.0.2,18870,10.1.0.1,14370,3,0.0-15.4,2812110,1464315
20191031111013,10.1.0.1,14370,10.1.0.2,18870,3,0.0-15.3,2803290,1464233,0.064,6,1913,0.314,0
20191031111013,10.1.0.2,18828,10.1.0.1,14328,3,0.0-24.0,2399040,798717
20191031111013,10.1.0.1,14328,10.1.0.2,18828,3,0.0-24.0,2394630,798732,0.165,3,1632,0.184,0
20191031111014,10.1.0.2,18636,10.1.0.1,14136,3,0.0-68.2,14466270,1695742
20191031111014,10.1.0.1,14136,10.1.0.2,18636,3,0.0-68.2,14457450,1695851,0.103,6,9841,0.061,0
20191031111014,10.1.0.2,18739,10.1.0.1,14239,3,0.0-41.6,335160,64511
20191031111014,10.1.0.2,18784,10.1.0.1,14284,3,0.0-33.6,1384740,329727
20191031111014,10.1.0.1,14239,10.1.0.2,18739,3,0.0-41.4,333690,64512,0.100,1,228,0.439,0
20191031111014,10.1.0.2,18773,10.1.0.1,14273,3,0.0-36.0,8747970,1942525
20191031111014,10.1.0.1,14273,10.1.0.2,18773,3,0.0-36.0,8746500,1942494,0.067,1,5951,0.017,0
20191031111014,10.1.0.1,14284,10.1.0.2,18784,3,0.0-33.6,1384740,329804,0.111,0,942,0.000,0
20191031111015,10.1.0.2,18651,10.1.0.1,14151,3,0.0-63.5,585060,73727
20191031111015,10.1.0.1,14151,10.1.0.2,18651,3,0.0-63.4,585060,73784,62.587,0,398,0.000,0
20191031111015,10.1.0.2,18704,10.1.0.1,14204,3,0.0-51.5,1081920,167935
20191031111015,10.1.0.2,18827,10.1.0.1,14327,3,0.0-25.7,266070,82943
20191031111015,10.1.0.1,14327,10.1.0.2,18827,3,0.0-25.7,266070,82978,0.130,0,181,0.000,0
20191031111015,10.1.0.1,14204,10.1.0.2,18704,3,0.0-51.5,1081920,167954,0.082,0,736,0.000,0
20191031111015,10.1.0.2,18619,10.1.0.1,14119,3,0.0-72.7,1321530,145407
20191031111015,10.1.0.1,14119,10.1.0.2,18619,3,0.0-72.7,1321530,145416,0.100,0,899,0.000,0
20191031111015,10.1.0.2,18783,10.1.0.1,14283,3,0.0-34.8,2091810,480255
20191031111015,10.1.0.2,18629,10.1.0.1,14129,3,0.0-71.9,9321270,1037311
20191031111015,10.1.0.1,14283,10.1.0.2,18783,3,0.0-34.8,2090340,480364,0.065,1,1423,0.070,0
20191031111015,10.1.0.1,14129,10.1.0.2,18629,3,0.0-71.9,9319800,1037434,0.675,1,6341,0.016,0
20191031111016,10.1.0.2,18601,10.1.0.1,14101,3,0.0-76.5,32863320,3435518
20191031111016,10.1.0.1,14101,10.1.0.2,18601,3,0.0-76.5,32853030,3435441,0.071,7,22356,0.031,0
20191031111016,10.1.0.2,18668,10.1.0.1,14168,3,0.0-61.3,8001210,1044479
20191031111016,10.1.0.1,14168,10.1.0.2,18668,3,0.0-61.3,7998270,1044454,0.076,2,5443,0.037,0
20191031111016,10.1.0.2,18880,10.1.0.1,14380,3,0.0-15.1,2784180,1478648
20191031111016,10.1.0.1,14380,10.1.0.2,18880,3,0.0-15.0,2778300,1479250,0.062,4,1894,0.211,0
20191031111016,10.1.0.2,18539,10.1.0.1,14039,3,0.0-96.5,1791930,148479
20191031111016,10.1.0.1,14039,10.1.0.2,18539,3,0.0-96.5,1791930,148532,0.102,0,1219,0.000,0
20191031111017,10.1.0.2,18694,10.1.0.1,14194,3,0.0-54.9,15161580,2209790
20191031111017,10.1.0.2,18770,10.1.0.1,14270,3,0.0-38.7,7042770,1456126
20191031111017,10.1.0.1,14270,10.1.0.2,18770,3,0.0-38.7,7039830,1456371,0.063,2,4791,0.042,0
20191031111017,10.1.0.1,14194,10.1.0.2,18694,3,0.0-54.9,15160110,2209843,0.084,1,10314,0.010,0
20191031111017,10.1.0.2,18664,10.1.0.1,14164,3,0.0-63.4,2970870,374782
20191031111017,10.1.0.1,14164,10.1.0.2,18664,3,0.0-63.4,2969400,374773,0.121,1,2021,0.049,0
20191031111017,10.1.0.2,18782,10.1.0.1,14282,3,0.0-37.4,15993600,3424244
20191031111017,10.1.0.1,14282,10.1.0.2,18782,3,0.0-37.4,15987720,3424110,0.083,4,10880,0.037,0
20191031111017,10.1.0.2,18608,10.1.0.1,14108,3,0.0-77.1,887880,92159
20191031111018,10.1.0.2,18655,10.1.0.1,14155,3,0.0-65.8,14106120,1714174
20191031111018,10.1.0.1,14155,10.1.0.2,18655,3,0.0-65.8,14106120,1714280,0.098,0,9596,0.000,0
20191031111018,10.1.0.1,14108,10.1.0.2,18608,3,0.0-77.1,887880,92167,0.101,0,604,0.000,0
20191031111018,10.1.0.2,18722,10.1.0.1,14222,3,0.0-51.1,12417090,1943550
20191031111018,10.1.0.1,14222,10.1.0.2,18722,3,0.0-51.1,12417090,1943680,0.070,0,8447,0.000,0
20191031111019,10.1.0.2,18772,10.1.0.1,14272,3,0.0-40.8,23647890,4639737
20191031111019,10.1.0.1,14272,10.1.0.2,18772,3,0.0-40.7,23631720,4639758,0.050,11,16087,0.068,0
20191031111019,10.1.0.2,18660,10.1.0.1,14160,3,0.0-66.2,10385550,1255423
20191031111019,10.1.0.1,14160,10.1.0.2,18660,3,0.0-66.2,10384080,1255524,0.098,1,7065,0.014,0
20191031111019,10.1.0.2,18745,10.1.0.1,14245,3,0.0-45.3,3616200,637951
20191031111019,10.1.0.1,14245,10.1.0.2,18745,3,0.0-45.3,3613260,637943,0.840,2,2460,0.081,0
20191031111020,10.1.0.2,18771,10.1.0.1,14271,3,0.0-41.6,10561950,2030589
20191031111020,10.1.0.1,14271,10.1.0.2,18771,3,0.0-41.6,10559010,2030719,0.081,2,7185,0.028,0
20191031111020,10.1.0.2,18800,10.1.0.1,14300,3,0.0-37.6,427770,91135
20191031111020,10.1.0.1,14300,10.1.0.2,18800,3,0.0-37.5,427770,91207,0.294,0,291,0.000,0
20191031111021,10.1.0.2,18847,10.1.0.1,14347,3,0.0-27.0,39690,11759
20191031111021,10.1.0.1,14347,10.1.0.2,18847,3,0.0-27.0,39690,11761,62.625,0,27,0.000,0
20191031111021,10.1.0.2,18777,10.1.0.1,14277,3,0.0-41.3,22061760,4270075
20191031111021,10.1.0.1,14277,10.1.0.2,18777,3,0.0-41.3,22047060,4269844,0.071,10,15008,0.067,0
20191031111021,10.1.0.2,18541,10.1.0.1,14041,3,0.0-101.0,148470,11759
20191031111021,10.1.0.1,14041,10.1.0.2,18541,3,0.0-101.0,148470,11762,62.612,0,101,0.000,0
20191031111021,10.1.0.2,18785,10.1.0.1,14285,3,0.0-40.7,9399180,1846268
20191031111021,10.1.0.1,14285,10.1.0.2,18785,3,0.0-40.7,9397710,1846208,0.180,1,6394,0.016,0
20191031111021,10.1.0.2,18749,10.1.0.1,14249,3,0.0-47.1,4977420,845820
20191031111022,10.1.0.2,18931,10.1.0.1,14431,3,0.0-6.3,435120,556025
20191031111022,10.1.0.1,14249,10.1.0.2,18749,3,0.0-47.1,4977420,845918,0.182,0,3386,0.000,0
20191031111022,10.1.0.1,14431,10.1.0.2,18931,3,0.0-6.2,432180,556470,62.652,2,296,0.676,0
20191031111022,10.1.0.2,18676,10.1.0.1,14176,3,0.0-64.3,5491920,683007
20191031111022,10.1.0.2,18548,10.1.0.1,14048,3,0.0-99.0,20300700,1640446
20191031111022,10.1.0.1,14048,10.1.0.2,18548,3,0.0-99.0,20293350,1640476,0.067,5,13810,0.036,0
20191031111022,10.1.0.1,14176,10.1.0.2,18676,3,0.0-64.3,5490450,683030,0.258,1,3736,0.027,0
20191031111022,10.1.0.2,18794,10.1.0.1,14294,3,0.0-40.3,2466660,489471
20191031111022,10.1.0.1,14294,10.1.0.2,18794,3,0.0-40.3,2466660,489694,0.076,0,1678,0.000,0
20191031111022,10.1.0.2,18675,10.1.0.1,14175,3,0.0-66.6,5834430,700415
20191031111022,10.1.0.1,14175,10.1.0.2,18675,3,0.0-66.6,5834430,700438,0.070,0,3969,0.000,0
20191031111022,10.1.0.2,18829,10.1.0.1,14329,3,0.0-32.6,1030470,252927
20191031111022,10.1.0.1,14329,10.1.0.2,18829,3,0.0-32.5,1029000,252930,0.167,1,701,0.143,0
20191031111022,10.1.0.2,18645,10.1.0.1,14145,3,0.0-74.0,9618210,1040383
20191031111022,10.1.0.1,14145,10.1.0.2,18645,3,0.0-74.0,9618210,1040505,0.048,0,6543,0.000,0
20191031111022,10.1.0.2,18816,10.1.0.1,14316,3,0.0-35.9,6562080,1462270
20191031111023,10.1.0.1,14316,10.1.0.2,18816,3,0.0-35.9,6554730,1462426,0.068,5,4464,0.112,0
20191031111024,10.1.0.2,18774,10.1.0.1,14274,3,0.0-45.5,849660,149503
20191031111024,10.1.0.1,14274,10.1.0.2,18774,3,0.0-45.4,849660,149610,0.077,0,578,0.000,0
20191031111024,10.1.0.2,18657,10.1.0.1,14157,3,0.0-71.0,6961920,784383
20191031111024,10.1.0.1,14157,10.1.0.2,18657,3,0.0-71.0,6960450,784440,0.150,1,4736,0.021,0
20191031111024,10.1.0.2,18853,10.1.0.1,14353,3,0.0-28.7,3939600,1096700
20191031111024,10.1.0.2,18865,10.1.0.1,14365,3,0.0-26.9,1784580,531454
20191031111024,10.1.0.1,14365,10.1.0.2,18865,3,0.0-26.9,1784580,531664,0.129,0,1214,0.000,0
20191031111024,10.1.0.1,14353,10.1.0.2,18853,3,0.0-28.7,3939600,1097027,0.061,0,2680,0.000,0
20191031111025,10.1.0.2,18715,10.1.0.1,14215,3,0.0-59.3,8029140,1082367
20191031111025,10.1.0.1,14215,10.1.0.2,18715,3,0.0-59.3,8027670,1082483,0.045,1,5462,0.018,0
20191031111025,10.1.0.2,18575,10.1.0.1,14075,3,0.0-93.6,23906610,2042879
20191031111025,10.1.0.1,14075,10.1.0.2,18575,3,0.0-93.6,23899260,2042859,0.109,5,16263,0.031,0
20191031111026,10.1.0.2,18573,10.1.0.1,14073,3,0.0-95.5,3116400,261119
20191031111026,10.1.0.1,14073,10.1.0.2,18573,3,0.0-95.5,3116400,261193,0.105,0,2120,0.000,0
20191031111026,10.1.0.2,18562,10.1.0.1,14062,3,0.0-98.6,8142330,660479
20191031111026,10.1.0.1,14062,10.1.0.2,18562,3,0.0-98.6,8139390,660514,0.137,2,5539,0.036,0
20191031111026,10.1.0.2,18830,10.1.0.1,14330,3,0.0-36.0,267540,59391
20191031111026,10.1.0.1,14330,10.1.0.2,18830,3,0.0-36.0,267540,59432,0.116,0,182,0.000,0
20191031111026,10.1.0.2,18903,10.1.0.1,14403,3,0.0-18.8,1628760,692221
20191031111026,10.1.0.1,14403,10.1.0.2,18903,3,0.0-18.8,1625820,692280,0.052,2,1108,0.181,0
20191031111028,10.1.0.2,18901,10.1.0.1,14401,3,0.0-21.3,1337700,502781
20191031111028,10.1.0.1,14401,10.1.0.2,18901,3,0.0-21.2,1336230,503184,63.039,1,910,0.110,0
20191031111028,10.1.0.2,18681,10.1.0.1,14181,3,0.0-69.5,5550720,638975
20191031111028,10.1.0.2,18582,10.1.0.1,14082,3,0.0-93.0,1452360,124927
20191031111028,10.1.0.1,14082,10.1.0.2,18582,3,0.0-93.0,1452360,124967,0.757,0,988,0.000,0
20191031111028,10.1.0.1,14181,10.1.0.2,18681,3,0.0-69.5,5550720,639028,0.328,0,3776,0.000,0
20191031111028,10.1.0.2,18642,10.1.0.1,14142,3,0.0-81.1,4361490,430079
20191031111028,10.1.0.1,14142,10.1.0.2,18642,3,0.0-81.1,4360020,430126,0.096,1,2967,0.034,0
20191031111028,10.1.0.2,18711,10.1.0.1,14211,3,0.0-63.7,3732330,468991
20191031111028,10.1.0.2,18682,10.1.0.1,14182,3,0.0-69.4,21244440,2448382
20191031111028,10.1.0.1,14182,10.1.0.2,18682,3,0.0-69.4,21241500,2448385,0.076,2,14452,0.014,0
20191031111028,10.1.0.2,18669,10.1.0.1,14169,3,0.0-73.9,13091820,1417215
20191031111028,10.1.0.1,14169,10.1.0.2,18669,3,0.0-73.9,13090350,1417200,0.060,1,8906,0.011,0
20191031111028,10.1.0.1,14211,10.1.0.2,18711,3,0.0-63.7,3732330,469060,0.252,0,2539,0.000,0
20191031111028,10.1.0.2,18714,10.1.0.1,14214,3,0.0-63.2,639450,80895
20191031111028,10.1.0.1,14214,10.1.0.2,18714,3,0.0-63.2,639450,80924,0.083,0,435,0.000,0
20191031111028,10.1.0.2,18937,10.1.0.1,14437,3,0.0-10.8,1716960,1269752
20191031111029,10.1.0.1,14437,10.1.0.2,18937,3,0.0-10.8,1715490,1270506,0.087,1,1168,0.086,0
20191031111029,10.1.0.2,18896,10.1.0.1,14396,3,0.0-24.1,8011500,2656248
20191031111029,10.1.0.2,18849,10.1.0.1,14349,3,0.0-34.5,614460,142335
20191031111029,10.1.0.1,14349,10.1.0.2,18849,3,0.0-34.5,614460,142350,62.633,0,418,0.000,0
20191031111029,10.1.0.1,14396,10.1.0.2,18896,3,0.0-24.1,8010030,2656555,0.086,1,5450,0.018,0
20191031111029,10.1.0.2,18712,10.1.0.1,14212,3,0.0-63.7,47422200,5954556
20191031111029,10.1.0.1,14212,10.1.0.2,18712,3,0.0-63.7,47413380,5954485,0.047,6,32260,0.019,0
20191031111029,10.1.0.2,18751,10.1.0.1,14251,3,0.0-54.1,21106260,3120124
20191031111029,10.1.0.1,14251,10.1.0.2,18751,3,0.0-54.1,21088620,3120200,0.078,12,14358,0.084,0
20191031111029,10.1.0.2,18922,10.1.0.1,14422,3,0.0-16.1,11836440,5891055
20191031111029,10.1.0.1,14422,10.1.0.2,18922,3,0.0-16.1,11823210,5891094,0.075,9,8052,0.112,0
20191031111029,10.1.0.2,18862,10.1.0.1,14362,3,0.0-32.2,486570,120831
20191031111029,10.1.0.1,14362,10.1.0.2,18862,3,0.0-32.1,485100,120833,0.379,1,331,0.302,0
20191031111029,10.1.0.2,18852,10.1.0.1,14352,3,0.0-34.2,9778440,2289659
20191031111030,10.1.0.1,14352,10.1.0.2,18852,3,0.0-34.2,9776970,2289713,0.142,1,6652,0.015,0
20191031111030,10.1.0.2,18622,10.1.0.1,14122,3,0.0-88.1,27690390,2513917
20191031111030,10.1.0.1,14122,10.1.0.2,18622,3,0.0-88.1,27688920,2513937,0.089,1,18837,0.005,0
20191031111031,10.1.0.2,18942,10.1.0.1,14442,3,0.0-11.9,3954300,2663406
20191031111031,10.1.0.2,18589,10.1.0.1,14089,3,0.0-94.9,27472830,2315262
20191031111031,10.1.0.1,14442,10.1.0.2,18942,3,0.0-11.8,3942540,2662996,0.119,8,2690,0.297,0
20191031111031,10.1.0.1,14089,10.1.0.2,18589,3,0.0-94.9,27468420,2315229,0.091,3,18689,0.016,0
20191031111031,10.1.0.2,18791,10.1.0.1,14291,3,0.0-49.1,9606450,1563645
20191031111031,10.1.0.2,18587,10.1.0.1,14087,3,0.0-95.4,8133510,681983
20191031111031,10.1.0.1,14291,10.1.0.2,18791,3,0.0-49.1,9604980,1563781,0.049,1,6535,0.015,0
20191031111031,10.1.0.1,14087,10.1.0.2,18587,3,0.0-95.4,8133510,682057,0.080,0,5533,0.000,0
20191031111031,10.1.0.2,18908,10.1.0.1,14408,3,0.0-22.4,2669520,955387
20191031111031,10.1.0.1,14408,10.1.0.2,18908,3,0.0-22.3,2665110,955637,0.064,3,1816,0.165,0
20191031111031,10.1.0.2,18592,10.1.0.1,14092,3,0.0-94.9,13159440,1108991
20191031111031,10.1.0.2,18801,10.1.0.1,14301,3,0.0-48.1,998130,165887
20191031111031,10.1.0.1,14092,10.1.0.2,18592,3,0.0-94.9,13157970,1109000,0.591,1,8952,0.011,0
20191031111031,10.1.0.1,14301,10.1.0.2,18801,3,0.0-48.1,998130,166066,0.066,0,679,0.000,0
20191031111031,10.1.0.2,18759,10.1.0.1,14259,3,0.0-55.2,7564620,1096702
20191031111031,10.1.0.1,14259,10.1.0.2,18759,3,0.0-55.1,7560210,1096806,0.358,3,5146,0.058,0
20191031111032,10.1.0.2,18916,10.1.0.1,14416,3,0.0-21.2,1655220,625662
20191031111032,10.1.0.1,14416,10.1.0.2,18916,3,0.0-21.2,1655220,626012,0.340,0,1126,0.000,0
20191031111032,10.1.0.2,18843,10.1.0.1,14343,3,0.0-39.2,441000,90111
20191031111032,10.1.0.1,14343,10.1.0.2,18843,3,0.0-39.1,441000,90127,0.244,0,300,0.000,0
20191031111032,10.1.0.2,18913,10.1.0.1,14413,3,0.0-22.1,2760660,997373
20191031111032,10.1.0.1,14413,10.1.0.2,18913,3,0.0-22.1,2754780,997571,0.068,4,1878,0.213,0
20191031111032,10.1.0.2,18797,10.1.0.1,14297,3,0.0-49.9,274890,44031
20191031111032,10.1.0.1,14297,10.1.0.2,18797,3,0.0-49.9,274890,44037,0.254,0,187,0.000,0
20191031111033,10.1.0.2,18643,10.1.0.1,14143,3,0.0-85.9,17957520,1672191
20191031111033,10.1.0.1,14143,10.1.0.2,18643,3,0.0-85.9,17950170,1672221,0.059,5,12216,0.041,0
20191031111033,10.1.0.2,18965,10.1.0.1,14465,3,0.0-8.3,323400,310268
20191031111033,10.1.0.1,14465,10.1.0.2,18965,3,0.0-8.3,323400,310563,0.062,0,220,0.000,0
20191031111033,10.1.0.2,18805,10.1.0.1,14305,3,0.0-48.8,3297210,540671
20191031111033,10.1.0.1,14305,10.1.0.2,18805,3,0.0-48.8,3295740,540669,0.057,1,2243,0.045,0
20191031111034,10.1.0.2,18579,10.1.0.1,14079,3,0.0-99.9,4602570,368639
20191031111034,10.1.0.1,14079,10.1.0.2,18579,3,0.0-99.9,4602570,368679,0.254,0,3131,0.000,0
20191031111034,10.1.0.2,18812,10.1.0.1,14312,3,0.0-47.5,6481230,1091582
20191031111034,10.1.0.1,14312,10.1.0.2,18812,3,0.0-47.5,6478290,1091761,0.080,2,4409,0.045,0
20191031111034,10.1.0.2,18609,10.1.0.1,14109,3,0.0-93.4,3680880,315391
20191031111034,10.1.0.1,14109,10.1.0.2,18609,3,0.0-93.4,3680880,315412,0.088,0,2504,0.000,0
20191031111034,10.1.0.2,18945,10.1.0.1,14445,3,0.0-15.2,4010160,2105334
20191031111034,10.1.0.2,18841,10.1.0.1,14341,3,0.0-42.1,1981560,376831
20191031111035,10.1.0.1,14445,10.1.0.2,18945,3,0.0-15.2,4002810,2105644,0.125,5,2728,0.183,0
20191031111035,10.1.0.2,18600,10.1.0.1,14100,3,0.0-96.0,52054170,4337660
20191031111035,10.1.0.1,14100,10.1.0.2,18600,3,0.0-96.0,52039470,4337651,0.088,10,35411,0.028,0
20191031111035,10.1.0.1,14341,10.1.0.2,18841,3,0.0-42.0,1981560,377055,0.138,0,1348,0.000,0
20191031111035,10.1.0.2,18644,10.1.0.1,14144,3,0.0-87.8,5965260,543743
20191031111035,10.1.0.1,14144,10.1.0.2,18644,3,0.0-87.8,5965260,543820,0.077,0,4058,0.000,0
20191031111036,10.1.0.2,18699,10.1.0.1,14199,3,0.0-73.3,22077930,2408446
20191031111036,10.1.0.1,14199,10.1.0.2,18699,3,0.0-73.3,22076460,2408382,0.070,1,15019,0.007,0
20191031111036,10.1.0.2,18905,10.1.0.1,14405,3,0.0-28.0,3679410,1049597
20191031111036,10.1.0.2,18968,10.1.0.1,14468,3,0.0-10.7,368970,275454
20191031111036,10.1.0.1,14405,10.1.0.2,18905,3,0.0-28.0,3673530,1049890,0.084,4,2503,0.160,0
20191031111036,10.1.0.1,14468,10.1.0.2,18968,3,0.0-10.7,368970,276206,0.096,0,251,0.000,0
20191031111036,10.1.0.2,18890,10.1.0.1,14390,3,0.0-33.2,13197660,3179515
20191031111036,10.1.0.2,18752,10.1.0.1,14252,3,0.0-60.9,2737140,359423
20191031111036,10.1.0.1,14390,10.1.0.2,18890,3,0.0-33.2,13190310,3179540,0.072,5,8978,0.056,0
20191031111036,10.1.0.2,18623,10.1.0.1,14123,3,0.0-93.4,25720590,2202622
20191031111036,10.1.0.1,14252,10.1.0.2,18752,3,0.0-60.9,2737140,359457,0.105,0,1862,0.000,0
20191031111036,10.1.0.2,18725,10.1.0.1,14225,3,0.0-68.5,12912480,1508350
20191031111036,10.1.0.1,14225,10.1.0.2,18725,3,0.0-68.5,12911010,1508486,0.059,1,8784,0.011,0
20191031111036,10.1.0.1,14123,10.1.0.2,18623,3,0.0-93.4,25719120,2202685,0.090,1,17497,0.006,0
20191031111036,10.1.0.2,18932,10.1.0.1,14432,3,0.0-20.8,1151010,443390
20191031111037,10.1.0.1,14432,10.1.0.2,18932,3,0.0-20.8,1151010,443606,0.116,0,783,0.000,0
20191031111037,10.1.0.2,18790,10.1.0.1,14290,3,0.0-54.9,12943350,1885178
20191031111037,10.1.0.1,14290,10.1.0.2,18790,3,0.0-54.9,12941880,1885209,0.058,1,8805,0.011,0
20191031111037,10.1.0.2,18677,10.1.0.1,14177,3,0.0-79.4,833490,83967
20191031111037,10.1.0.1,14177,10.1.0.2,18677,3,0.0-79.4,833490,83969,0.110,0,567,0.000,0
20191031111037,10.1.0.2,18799,10.1.0.1,14299,3,0.0-54.3,8784720,1293309
20191031111037,10.1.0.1,14299,10.1.0.2,18799,3,0.0-54.3,8778840,1293273,0.102,4,5976,0.067,0
20191031111037,10.1.0.2,18625,10.1.0.1,14125,3,0.0-94.4,4701060,398335
20191031111037,10.1.0.2,18895,10.1.0.1,14395,3,0.0-33.2,76440,18431
20191031111038,10.1.0.1,14125,10.1.0.2,18625,3,0.0-94.4,4701060,398365,0.425,0,3198,0.000,0
20191031111038,10.1.0.2,18738,10.1.0.1,14238,3,0.0-65.3,1922760,235519
20191031111038,10.1.0.1,14395,10.1.0.2,18895,3,0.0-33.2,76440,18437,0.231,0,52,0.000,0
20191031111038,10.1.0.1,14238,10.1.0.2,18738,3,0.0-65.3,1922760,235594,0.437,0,1308,0.000,0
20191031111038,10.1.0.2,18683,10.1.0.1,14183,3,0.0-79.1,11030880,1116158
20191031111038,10.1.0.1,14183,10.1.0.2,18683,3,0.0-79.1,11029410,1116146,0.141,1,7504,0.013,0
20191031111038,10.1.0.2,18603,10.1.0.1,14103,3,0.0-98.2,13091820,1067007
20191031111038,10.1.0.1,14103,10.1.0.2,18603,3,0.0-98.1,13085940,1067051,0.148,4,8906,0.045,0
20191031111038,10.1.0.2,18727,10.1.0.1,14227,3,0.0-69.1,4246830,491519
20191031111038,10.1.0.1,14227,10.1.0.2,18727,3,0.0-69.1,4245360,491626,0.154,1,2889,0.035,0
20191031111038,10.1.0.2,18620,10.1.0.1,14120,3,0.0-95.9,26339460,2197501
20191031111038,10.1.0.1,14120,10.1.0.2,18620,3,0.0-95.9,26332110,2197555,0.093,5,17918,0.028,0
20191031111038,10.1.0.2,18821,10.1.0.1,14321,3,0.0-51.2,20943090,3270652
20191031111038,10.1.0.1,14321,10.1.0.2,18821,3,0.0-51.2,20940150,3270649,0.074,2,14247,0.014,0
20191031111038,10.1.0.2,18798,10.1.0.1,14298,3,0.0-55.9,2484300,355327
20191031111038,10.1.0.1,14298,10.1.0.2,18798,3,0.0-55.9,2484300,355405,0.212,0,1690,0.000,0
20191031111038,10.1.0.2,18760,10.1.0.1,14260,3,0.0-62.1,1089270,140287
20191031111039,10.1.0.1,14260,10.1.0.2,18760,3,0.0-62.1,1089270,140318,0.100,0,741,0.000,0
20191031111039,10.1.0.2,18874,10.1.0.1,14374,3,0.0-39.3,1980090,403455
20191031111039,10.1.0.1,14374,10.1.0.2,18874,3,0.0-39.2,1980090,403697,0.106,0,1347,0.000,0
20191031111039,10.1.0.2,18796,10.1.0.1,14296,3,0.0-56.7,617400,87039
20191031111039,10.1.0.1,14296,10.1.0.2,18796,3,0.0-56.7,617400,87085,0.108,0,420,0.000,0
20191031111040,10.1.0.2,18864,10.1.0.1,14364,3,0.0-42.6,370440,69631
20191031111040,10.1.0.1,14364,10.1.0.2,18864,3,0.0-42.4,368970,69632,0.076,1,252,0.397,0
20191031111040,10.1.0.2,18839,10.1.0.1,14339,3,0.0-47.6,2522520,423935
20191031111040,10.1.0.1,14339,10.1.0.2,18839,3,0.0-47.6,2522520,423962,0.123,0,1716,0.000,0
20191031111040,10.1.0.2,18948,10.1.0.1,14448,3,0.0-20.2,1534680,609277
20191031111040,10.1.0.1,14448,10.1.0.2,18948,3,0.0-20.1,1531740,609296,0.097,2,1044,0.192,0
20191031111041,10.1.0.2,19002,10.1.0.1,14502,3,0.0-8.9,2134440,1923057
20191031111041,10.1.0.2,18761,10.1.0.1,14261,3,0.0-63.7,13352010,1676285
20191031111041,10.1.0.1,14502,10.1.0.2,19002,3,0.0-8.9,2132970,1923343,0.112,1,1452,0.069,0
20191031111041,10.1.0.1,14261,10.1.0.2,18761,3,0.0-63.7,13349070,1676310,0.065,2,9083,0.022,0
20191031111041,10.1.0.2,18697,10.1.0.1,14197,3,0.0-78.8,4446750,451583
20191031111041,10.1.0.1,14197,10.1.0.2,18697,3,0.0-78.8,4446750,451611,0.119,0,3025,0.000,0
20191031111041,10.1.0.2,18811,10.1.0.1,14311,3,0.0-54.8,4383540,639999
20191031111041,10.1.0.1,14311,10.1.0.2,18811,3,0.0-54.8,4382070,640061,0.072,1,2982,0.034,0
20191031111041,10.1.0.2,18766,10.1.0.1,14266,3,0.0-63.7,5871180,737279
20191031111041,10.1.0.1,14266,10.1.0.2,18766,3,0.0-63.7,5869710,737324,0.081,1,3994,0.025,0
20191031111041,10.1.0.2,18885,10.1.0.1,14385,3,0.0-39.8,7570500,1521661
20191031111041,10.1.0.1,14385,10.1.0.2,18885,3,0.0-39.8,7569030,1521689,0.198,1,5150,0.019,0
20191031111042,10.1.0.2,18673,10.1.0.1,14173,3,0.0-87.1,7804230,716799
20191031111042,10.1.0.1,14173,10.1.0.2,18673,3,0.0-87.1,7804230,716824,0.105,0,5309,0.000,0
20191031111042,10.1.0.2,18684,10.1.0.1,14184,3,0.0-83.6,18546990,1774590
20191031111043,10.1.0.1,14184,10.1.0.2,18684,3,0.0-83.6,18538170,1774565,0.063,6,12617,0.048,0
20191031111043,10.1.0.2,18873,10.1.0.1,14373,3,0.0-44.4,124950,22527
20191031111043,10.1.0.2,18891,10.1.0.1,14391,3,0.0-39.4,493920,100351
20191031111043,10.1.0.1,14391,10.1.0.2,18891,3,0.0-39.4,493920,100398,0.192,0,336,0.000,0
20191031111043,10.1.0.1,14373,10.1.0.2,18873,3,0.0-44.4,124950,22529,62.580,0,85,0.000,0
20191031111043,10.1.0.2,18740,10.1.0.1,14240,3,0.0-70.1,1678740,191487
20191031111043,10.1.0.1,14240,10.1.0.2,18740,3,0.0-70.1,1677270,191485,0.088,1,1142,0.088,0
20191031111044,10.1.0.2,19008,10.1.0.1,14508,3,0.0-10.6,424830,319485
20191031111044,10.1.0.1,14508,10.1.0.2,19008,3,0.0-10.6,423360,319590,62.559,1,289,0.346,0
20191031111044,10.1.0.2,19013,10.1.0.1,14513,3,0.0-9.8,699720,573436
20191031111044,10.1.0.1,14513,10.1.0.2,19013,3,0.0-9.7,699720,574140,0.522,0,476,0.000,0
20191031111044,10.1.0.2,18634,10.1.0.1,14134,3,0.0-99.3,12919830,1040383
20191031111044,10.1.0.1,14134,10.1.0.2,18634,3,0.0-99.3,12918360,1040414,0.200,1,8789,0.011,0
20191031111044,10.1.0.2,18820,10.1.0.1,14320,3,0.0-57.3,1290660,180223
20191031111044,10.1.0.1,14320,10.1.0.2,18820,3,0.0-57.2,1289190,180223,0.300,1,878,0.114,0
20191031111044,10.1.0.2,18795,10.1.0.1,14295,3,0.0-62.6,392490,50175
20191031111044,10.1.0.1,14295,10.1.0.2,18795,3,0.0-62.6,392490,50180,0.102,0,267,0.000,0
20191031111045,10.1.0.2,18707,10.1.0.1,14207,3,0.0-80.6,29054550,2883582
20191031111045,10.1.0.1,14207,10.1.0.2,18707,3,0.0-80.6,29051610,2883587,0.082,2,19765,0.010,0
20191031111045,10.1.0.2,18871,10.1.0.1,14371,3,0.0-46.5,1846320,317439
20191031111045,10.1.0.1,14371,10.1.0.2,18871,3,0.0-46.5,1846320,317571,0.078,0,1256,0.000,0
20191031111045,10.1.0.2,18952,10.1.0.1,14452,3,0.0-23.3,1537620,527358
20191031111045,10.1.0.1,14452,10.1.0.2,18952,3,0.0-23.3,1536150,527552,0.081,1,1046,0.096,0
20191031111045,10.1.0.2,18911,10.1.0.1,14411,3,0.0-35.9,817320,182271
20191031111045,10.1.0.1,14411,10.1.0.2,18911,3,0.0-35.8,815850,182270,0.083,1,556,0.180,0
20191031111045,10.1.0.2,18747,10.1.0.1,14247,3,0.0-71.3,7154490,802815
20191031111045,10.1.0.1,14247,10.1.0.2,18747,3,0.0-71.3,7153020,802816,0.064,1,4867,0.021,0
20191031111046,10.1.0.2,18685,10.1.0.1,14185,3,0.0-86.6,31324230,2892793
20191031111046,10.1.0.1,14185,10.1.0.2,18685,3,0.0-86.6,31313940,2892743,0.274,7,21309,0.033,0
20191031111046,10.1.0.2,18936,10.1.0.1,14436,3,0.0-29.1,4587870,1261567
20191031111046,10.1.0.1,14436,10.1.0.2,18936,3,0.0-29.1,4586400,1261738,0.074,1,3121,0.032,0
20191031111047,10.1.0.2,18646,10.1.0.1,14146,3,0.0-98.2,25952850,2114559
20191031111047,10.1.0.1,14146,10.1.0.2,18646,3,0.0-98.2,25949910,2114578,0.082,2,17655,0.011,0
20191031111047,10.1.0.2,18710,10.1.0.1,14210,3,0.0-82.6,14166390,1372159
20191031111047,10.1.0.1,14210,10.1.0.2,18710,3,0.0-82.6,14164920,1372158,0.067,1,9637,0.010,0
20191031111047,10.1.0.2,18893,10.1.0.1,14393,3,0.0-42.9,335160,62463
20191031111047,10.1.0.1,14393,10.1.0.2,18893,3,0.0-42.9,335160,62508,0.093,0,228,0.000,0
20191031111047,10.1.0.2,18988,10.1.0.1,14488,3,0.0-18.8,2125620,905213
20191031111047,10.1.0.2,18786,10.1.0.1,14286,3,0.0-66.2,9419760,1137662
20191031111047,10.1.0.1,14488,10.1.0.2,18988,3,0.0-18.8,2124150,905236,0.061,1,1446,0.069,0
20191031111047,10.1.0.1,14286,10.1.0.2,18786,3,0.0-66.2,9413880,1137630,0.080,4,6408,0.062,0
20191031111047,10.1.0.2,18705,10.1.0.1,14205,3,0.0-83.8,8825880,842750
20191031111047,10.1.0.1,14205,10.1.0.2,18705,3,0.0-83.8,8824410,842785,0.065,1,6004,0.017,0
20191031111047,10.1.0.2,18652,10.1.0.1,14152,3,0.0-96.0,6022590,501759
20191031111047,10.1.0.2,18889,10.1.0.1,14389,3,0.0-44.5,2963520,532479
20191031111047,10.1.0.1,14389,10.1.0.2,18889,3,0.0-44.5,2963520,532609,0.071,0,2016,0.000,0
20191031111047,10.1.0.1,14152,10.1.0.2,18652,3,0.0-96.0,6021120,501806,0.062,1,4097,0.024,0
20191031111047,10.1.0.2,18778,10.1.0.1,14278,3,0.0-67.9,7069230,832510
20191031111048,10.1.0.1,14278,10.1.0.2,18778,3,0.0-67.9,7067760,832520,0.082,1,4809,0.021,0
20191031111048,10.1.0.2,18867,10.1.0.1,14367,3,0.0-50.2,2981160,475135
20191031111048,10.1.0.1,14367,10.1.0.2,18867,3,0.0-50.2,2979690,475152,0.076,1,2028,0.049,0
20191031111048,10.1.0.2,18855,10.1.0.1,14355,3,0.0-51.9,1994790,307199
20191031111048,10.1.0.1,14355,10.1.0.2,18855,3,0.0-51.9,1993320,307178,0.293,1,1357,0.074,0
20191031111048,10.1.0.2,18744,10.1.0.1,14244,3,0.0-74.5,1477350,158719
20191031111048,10.1.0.1,14244,10.1.0.2,18744,3,0.0-74.4,1477350,158779,0.129,0,1005,0.000,0
20191031111048,10.1.0.2,18721,10.1.0.1,14221,3,0.0-82.0,5825610,568319
20191031111048,10.1.0.1,14221,10.1.0.2,18721,3,0.0-82.0,5825610,568359,0.186,0,3963,0.000,0
20191031111048,10.1.0.2,18654,10.1.0.1,14154,3,0.0-96.7,25813200,2136062
20191031111048,10.1.0.1,14154,10.1.0.2,18654,3,0.0-96.6,25802910,2136057,0.078,7,17560,0.040,0
20191031111049,10.1.0.2,18995,10.1.0.1,14495,3,0.0-18.7,7604310,3245038
20191031111049,10.1.0.1,14495,10.1.0.2,18995,3,0.0-18.7,7588140,3245431,0.055,11,5173,0.213,0
20191031111049,10.1.0.2,18758,10.1.0.1,14258,3,0.0-72.6,2099160,231423
20191031111049,10.1.0.1,14258,10.1.0.2,18758,3,0.0-72.5,2099160,231482,0.082,0,1428,0.000,0
20191031111049,10.1.0.2,18823,10.1.0.1,14323,3,0.0-61.7,1863960,241663
20191031111049,10.1.0.2,18854,10.1.0.1,14354,3,0.0-53.4,1339170,200703
20191031111049,10.1.0.1,14323,10.1.0.2,18823,3,0.0-61.7,1863960,241796,0.167,0,1268,0.000,0
20191031111049,10.1.0.1,14354,10.1.0.2,18854,3,0.0-53.4,1339170,200777,0.064,0,911,0.000,0
20191031111049,10.1.0.2,18691,10.1.0.1,14191,3,0.0-88.9,2356410,211968
20191031111049,10.1.0.1,14191,10.1.0.2,18691,3,0.0-88.9,2354940,211964,0.089,1,1603,0.062,0
20191031111049,10.1.0.2,19005,10.1.0.1,14505,3,0.0-17.1,1440600,675837
20191031111049,10.1.0.1,14505,10.1.0.2,19005,3,0.0-17.0,1439130,675860,0.064,1,980,0.102,0
20191031111050,10.1.0.2,18879,10.1.0.1,14379,3,0.0-48.9,582120,95231
20191031111050,10.1.0.1,14379,10.1.0.2,18879,3,0.0-48.9,582120,95302,0.072,0,396,0.000,0
20191031111050,10.1.0.2,18915,10.1.0.1,14415,3,0.0-39.6,3676470,743422
20191031111050,10.1.0.1,14415,10.1.0.2,18915,3,0.0-39.5,3672060,743449,0.293,3,2501,0.120,0
20191031111050,10.1.0.2,18825,10.1.0.1,14325,3,0.0-61.3,965790,125951
20191031111050,10.1.0.1,14325,10.1.0.2,18825,3,0.0-61.3,965790,125968,0.072,0,657,0.000,0
20191031111050,10.1.0.2,19019,10.1.0.1,14519,3,0.0-14.8,1652280,890875
20191031111050,10.1.0.1,14519,10.1.0.2,19019,3,0.0-14.8,1652280,891149,0.099,0,1124,0.000,0
20191031111050,10.1.0.2,19054,10.1.0.1,14554,3,0.0-6.0,33810,45055
20191031111050,10.1.0.1,14554,10.1.0.2,19054,3,0.0-6.0,33810,45236,0.073,0,23,0.000,0
20191031111051,10.1.0.2,18806,10.1.0.1,14306,3,0.0-66.4,21125370,2545661
20191031111051,10.1.0.1,14306,10.1.0.2,18806,3,0.0-66.4,21122430,2545704,0.073,2,14371,0.014,0
20191031111051,10.1.0.2,18836,10.1.0.1,14336,3,0.0-59.4,19373130,2607101
20191031111051,10.1.0.1,14336,10.1.0.2,18836,3,0.0-59.4,19371660,2607029,0.064,1,13179,0.008,0
20191031111052,10.1.0.2,18970,10.1.0.1,14470,3,0.0-26.2,1196580,365566
20191031111052,10.1.0.1,14470,10.1.0.2,18970,3,0.0-26.2,1196580,365631,0.129,0,814,0.000,0
20191031111052,10.1.0.2,18983,10.1.0.1,14483,3,0.0-24.5,6473880,2111481
20191031111052,10.1.0.2,19046,10.1.0.1,14546,3,0.0-8.8,136710,124927
20191031111052,10.1.0.2,18666,10.1.0.1,14166,3,0.0-98.2,32986800,2687998
20191031111052,10.1.0.1,14483,10.1.0.2,18983,3,0.0-24.5,6472410,2111561,0.071,1,4404,0.023,0
20191031111052,10.1.0.1,14546,10.1.0.2,19046,3,0.0-8.7,136710,125138,0.055,0,93,0.000,0
20191031111052,10.1.0.1,14166,10.1.0.2,18666,3,0.0-98.1,32976510,2687998,0.069,7,22440,0.031,0
20191031111052,10.1.0.2,18959,10.1.0.1,14459,3,0.0-28.8,2860620,793598
20191031111052,10.1.0.1,14459,10.1.0.2,18959,3,0.0-28.8,2860620,793884,0.078,0,1946,0.000,0
20191031111053,10.1.0.2,18866,10.1.0.1,14366,3,0.0-55.5,3088470,445439
20191031111053,10.1.0.1,14366,10.1.0.2,18866,3,0.0-55.4,3087000,445437,0.074,1,2101,0.048,0
20191031111053,10.1.0.2,18719,10.1.0.1,14219,3,0.0-87.1,8808240,808959
20191031111053,10.1.0.1,14219,10.1.0.2,18719,3,0.0-87.1,8806770,808981,0.060,1,5992,0.017,0
20191031111053,10.1.0.2,18729,10.1.0.1,14229,3,0.0-83.7,5237610,500735
20191031111053,10.1.0.2,19024,10.1.0.1,14524,3,0.0-16.2,3954300,1952763
20191031111053,10.1.0.1,14229,10.1.0.2,18729,3,0.0-83.6,5234670,500756,0.094,2,3563,0.056,0
20191031111053,10.1.0.1,14524,10.1.0.2,19024,3,0.0-16.2,3951360,1952751,0.074,2,2690,0.074,0
20191031111054,10.1.0.2,18868,10.1.0.1,14368,3,0.0-56.1,10407600,1484798
20191031111054,10.1.0.1,14368,10.1.0.2,18868,3,0.0-56.1,10406130,1484796,0.125,1,7080,0.014,0
20191031111054,10.1.0.2,18887,10.1.0.1,14387,3,0.0-51.7,277830,43007
20191031111054,10.1.0.1,14387,10.1.0.2,18887,3,0.0-51.7,277830,43021,0.091,0,189,0.000,0
20191031111054,10.1.0.2,18818,10.1.0.1,14318,3,0.0-67.3,13521060,1607678
20191031111054,10.1.0.1,14318,10.1.0.2,18818,3,0.0-67.3,13516650,1607665,0.069,3,9198,0.033,0
20191031111055,10.1.0.2,18851,10.1.0.1,14351,3,0.0-60.0,8105580,1080318
20191031111055,10.1.0.1,14351,10.1.0.2,18851,3,0.0-60.0,8102640,1080430,0.085,2,5514,0.036,0
20191031111055,10.1.0.2,19037,10.1.0.1,14537,3,0.0-14.5,2678340,1475575
20191031111055,10.1.0.1,14537,10.1.0.2,19037,3,0.0-14.5,2676870,1475570,0.056,1,1822,0.055,0
20191031111056,10.1.0.2,18779,10.1.0.1,14279,3,0.0-76.4,5771220,604159
20191031111056,10.1.0.1,14279,10.1.0.2,18779,3,0.0-76.4,5771220,604187,0.145,0,3926,0.000,0
20191031111056,10.1.0.2,18859,10.1.0.1,14359,3,0.0-59.9,2268210,303103
20191031111056,10.1.0.1,14359,10.1.0.2,18859,3,0.0-59.9,2268210,303120,0.057,0,1543,0.000,0
20191031111056,10.1.0.2,18947,10.1.0.1,14447,3,0.0-36.6,1512630,330751
20191031111056,10.1.0.1,14447,10.1.0.2,18947,3,0.0-36.6,1511160,330754,0.203,1,1029,0.097,0
20191031111056,10.1.0.2,18804,10.1.0.1,14304,3,0.0-72.1,599760,66559
20191031111057,10.1.0.1,14304,10.1.0.2,18804,3,0.0-72.1,599760,66582,0.111,0,408,0.000,0
20191031111057,10.1.0.2,19044,10.1.0.1,14544,3,0.0-13.3,3119340,1871865
20191031111057,10.1.0.1,14544,10.1.0.2,19044,3,0.0-13.3,3113460,1872253,0.088,4,2122,0.189,0
20191031111057,10.1.0.2,18869,10.1.0.1,14369,3,0.0-59.0,86730,11759
20191031111057,10.1.0.1,14369,10.1.0.2,18869,3,0.0-59.0,86730,11769,62.601,0,59,0.000,0
20191031111057,10.1.0.2,19065,10.1.0.1,14565,3,0.0-8.2,1001070,971770
20191031111057,10.1.0.2,18765,10.1.0.1,14265,3,0.0-79.7,39488610,3965949
20191031111057,10.1.0.1,14565,10.1.0.2,19065,3,0.0-8.2,1001070,973025,0.085,0,681,0.000,0
20191031111057,10.1.0.2,18776,10.1.0.1,14276,3,0.0-78.3,10216500,1044478
20191031111057,10.1.0.1,14265,10.1.0.2,18765,3,0.0-79.6,39475380,3965835,0.056,9,26863,0.034,0
20191031111057,10.1.0.1,14276,10.1.0.2,18776,3,0.0-78.2,10213560,1044468,0.050,2,6950,0.029,0
20191031111057,10.1.0.2,18703,10.1.0.1,14203,3,0.0-94.4,1872780,158719
20191031111057,10.1.0.1,14203,10.1.0.2,18703,3,0.0-94.4,1872780,158791,0.110,0,1274,0.000,0
20191031111058,10.1.0.2,19078,10.1.0.1,14578,3,0.0-5.1,876120,1386484
20191031111058,10.1.0.1,14578,10.1.0.2,19078,3,0.0-5.0,868770,1387832,0.071,5,596,0.839,0
20191031111058,10.1.0.2,18735,10.1.0.1,14235,3,0.0-86.9,723240,66559
20191031111058,10.1.0.2,18897,10.1.0.1,14397,3,0.0-53.7,1065750,158719
20191031111058,10.1.0.1,14397,10.1.0.2,18897,3,0.0-53.7,1065750,158871,0.218,0,725,0.000,0
20191031111058,10.1.0.1,14235,10.1.0.2,18735,3,0.0-86.9,723240,66562,0.090,0,492,0.000,0
20191031111059,10.1.0.2,18698,10.1.0.1,14198,3,0.0-97.0,1949220,160767
20191031111059,10.1.0.1,14198,10.1.0.2,18698,3,0.0-97.0,1949220,160788,0.100,0,1326,0.000,0
20191031111100,10.1.0.2,19041,10.1.0.1,14541,3,0.0-16.9,827610,391166
20191031111100,10.1.0.1,14541,10.1.0.2,19041,3,0.0-16.9,826140,391599,62.546,1,563,0.178,0
20191031111100,10.1.0.2,18789,10.1.0.1,14289,3,0.0-78.6,5252310,534527
20191031111100,10.1.0.2,19086,10.1.0.1,14586,3,0.0-5.0,1076040,1715174
20191031111100,10.1.0.1,14289,10.1.0.2,18789,3,0.0-78.6,5252310,534615,0.503,0,3573,0.000,0
20191031111100,10.1.0.1,14586,10.1.0.2,19086,3,0.0-5.0,1070160,1715581,0.194,4,732,0.546,0
20191031111100,10.1.0.2,19031,10.1.0.1,14531,3,0.0-22.0,32340,11759
20191031111100,10.1.0.2,18743,10.1.0.1,14243,3,0.0-87.1,5838840,536575
20191031111100,10.1.0.1,14531,10.1.0.2,19031,3,0.0-22.0,32340,11776,62.571,0,22,0.000,0
20191031111100,10.1.0.1,14243,10.1.0.2,18743,3,0.0-87.0,5837370,536573,0.208,1,3972,0.025,0
20191031111101,10.1.0.2,18809,10.1.0.1,14309,3,0.0-75.6,3433920,363519
20191031111101,10.1.0.1,14309,10.1.0.2,18809,3,0.0-75.6,3433920,363581,0.070,0,2336,0.000,0
20191031111101,10.1.0.2,18764,10.1.0.1,14264,3,0.0-84.4,18552870,1759231
20191031111102,10.1.0.1,14264,10.1.0.2,18764,3,0.0-84.4,18551400,1759239,0.085,1,12621,0.008,0
20191031111102,10.1.0.2,18753,10.1.0.1,14253,3,0.0-86.0,4864230,452607
20191031111102,10.1.0.1,14253,10.1.0.2,18753,3,0.0-85.9,4862760,452632,62.563,1,3309,0.030,0
20191031111102,10.1.0.2,18881,10.1.0.1,14381,3,0.0-60.6,5727120,755711
20191031111102,10.1.0.1,14381,10.1.0.2,18881,3,0.0-60.6,5725650,755846,0.327,1,3896,0.026,0
20191031111102,10.1.0.2,18924,10.1.0.1,14424,3,0.0-47.7,4452630,746495
20191031111102,10.1.0.1,14424,10.1.0.2,18924,3,0.0-47.7,4452630,746635,0.968,0,3029,0.000,0
20191031111102,10.1.0.2,18953,10.1.0.1,14453,3,0.0-40.3,1968330,391167
20191031111102,10.1.0.1,14453,10.1.0.2,18953,3,0.0-40.2,1965390,391168,0.072,2,1339,0.149,0
20191031111102,10.1.0.2,18939,10.1.0.1,14439,3,0.0-44.1,12522930,2273277
20191031111102,10.1.0.1,14439,10.1.0.2,18939,3,0.0-44.0,12512640,2273524,0.061,7,8519,0.082,0
20191031111103,10.1.0.2,18737,10.1.0.1,14237,3,0.0-90.8,12030480,1059839
20191031111103,10.1.0.1,14237,10.1.0.2,18737,3,0.0-90.8,12030480,1059884,0.069,0,8184,0.000,0
20191031111103,10.1.0.2,18757,10.1.0.1,14257,3,0.0-86.7,6650280,613375
20191031111103,10.1.0.2,18950,10.1.0.1,14450,3,0.0-42.0,1783110,339967
20191031111103,10.1.0.1,14450,10.1.0.2,18950,3,0.0-42.0,1783110,340000,0.069,0,1213,0.000,0
20191031111103,10.1.0.2,18927,10.1.0.1,14427,3,0.0-48.3,3131100,518143
20191031111103,10.1.0.1,14427,10.1.0.2,18927,3,0.0-48.3,3131100,518277,0.066,0,2130,0.000,0
20191031111103,10.1.0.1,14257,10.1.0.2,18757,3,0.0-86.7,6648810,613390,0.052,1,4524,0.022,0
20191031111103,10.1.0.2,18702,10.1.0.1,14202,3,0.0-100.5,308700,24575
20191031111103,10.1.0.1,14202,10.1.0.2,18702,3,0.0-100.5,308700,24582,0.072,0,210,0.000,0
20191031111103,10.1.0.2,18934,10.1.0.1,14434,3,0.0-46.5,1178940,202751
20191031111103,10.1.0.1,14434,10.1.0.2,18934,3,0.0-46.5,1178940,202807,0.118,0,802,0.000,0
20191031111103,10.1.0.2,18899,10.1.0.1,14399,3,0.0-58.0,6434190,887806
20191031111103,10.1.0.1,14399,10.1.0.2,18899,3,0.0-58.0,6434190,887906,0.057,0,4377,0.000,0
20191031111104,10.1.0.2,18838,10.1.0.1,14338,3,0.0-71.3,11291070,1266686
20191031111104,10.1.0.1,14338,10.1.0.2,18838,3,0.0-71.3,11289600,1266809,0.057,1,7681,0.013,0
20191031111104,10.1.0.2,18921,10.1.0.1,14421,3,0.0-51.2,4874520,761855
20191031111104,10.1.0.1,14421,10.1.0.2,18921,3,0.0-51.2,4873050,761915,0.303,1,3316,0.030,0
20191031111104,10.1.0.2,18731,10.1.0.1,14231,3,0.0-94.3,37939230,3218430
20191031111104,10.1.0.1,14231,10.1.0.2,18731,3,0.0-94.3,37933350,3218440,0.117,4,25809,0.015,0
20191031111104,10.1.0.2,19059,10.1.0.1,14559,3,0.0-18.8,2573970,1094652
20191031111104,10.1.0.1,14559,10.1.0.2,19059,3,0.0-18.8,2572500,1094818,0.090,1,1751,0.057,0
20191031111105,10.1.0.2,18780,10.1.0.1,14280,3,0.0-85.1,11245500,1056766
20191031111105,10.1.0.1,14280,10.1.0.2,18780,3,0.0-85.1,11241090,1056811,0.059,3,7650,0.039,0
20191031111105,10.1.0.2,18803,10.1.0.1,14303,3,0.0-80.6,13065360,1296383
20191031111105,10.1.0.2,18754,10.1.0.1,14254,3,0.0-89.3,12625830,1131519
20191031111105,10.1.0.1,14254,10.1.0.2,18754,3,0.0-89.3,12625830,1131550,0.058,0,8589,0.000,0
20191031111105,10.1.0.2,18962,10.1.0.1,14462,3,0.0-41.1,3122280,608254
20191031111105,10.1.0.1,14462,10.1.0.2,18962,3,0.0-41.0,3120810,608475,0.094,1,2124,0.047,0
20191031111105,10.1.0.1,14303,10.1.0.2,18803,3,0.0-80.6,13060950,1296434,0.061,3,8888,0.034,0
20191031111105,10.1.0.2,19103,10.1.0.1,14603,3,0.0-6.6,32340,38911
20191031111105,10.1.0.2,19038,10.1.0.1,14538,3,0.0-23.9,538020,180223
20191031111105,10.1.0.1,14538,10.1.0.2,19038,3,0.0-23.9,538020,180258,0.073,0,366,0.000,0
20191031111106,10.1.0.2,18815,10.1.0.1,14315,3,0.0-79.1,32306190,3267580
20191031111106,10.1.0.1,14315,10.1.0.2,18815,3,0.0-79.0,32287080,3267645,0.052,13,21977,0.059,0
20191031111106,10.1.0.1,14603,10.1.0.2,19103,3,0.0-6.6,32340,39013,0.284,0,22,0.000,0
20191031111106,10.1.0.2,18863,10.1.0.1,14363,3,0.0-68.5,1271550,148479
20191031111106,10.1.0.1,14363,10.1.0.2,18863,3,0.0-68.4,1270080,148478,0.276,1,865,0.116,0
20191031111106,10.1.0.2,18860,10.1.0.1,14360,3,0.0-69.2,1771350,204799
20191031111106,10.1.0.1,14360,10.1.0.2,18860,3,0.0-69.2,1771350,204860,0.116,0,1205,0.000,0
20191031111107,10.1.0.2,18898,10.1.0.1,14398,3,0.0-61.5,9972480,1297406
20191031111107,10.1.0.1,14398,10.1.0.2,18898,3,0.0-61.5,9971010,1297453,0.087,1,6784,0.015,0
20191031111107,10.1.0.2,18742,10.1.0.1,14242,3,0.0-94.0,14394240,1224703
20191031111107,10.1.0.1,14242,10.1.0.2,18742,3,0.0-94.0,14392770,1224715,0.065,1,9792,0.010,0
20191031111108,10.1.0.2,18756,10.1.0.1,14256,3,0.0-91.5,2928240,255999
20191031111108,10.1.0.1,14256,10.1.0.2,18756,3,0.0-91.5,2928240,256086,62.591,0,1992,0.000,0
20191031111108,10.1.0.2,18810,10.1.0.1,14310,3,0.0-81.8,3120810,305151
20191031111108,10.1.0.1,14310,10.1.0.2,18810,3,0.0-81.8,3120810,305198,0.078,0,2123,0.000,0
20191031111108,10.1.0.2,19087,10.1.0.1,14587,3,0.0-12.8,1470000,919547
20191031111108,10.1.0.1,14587,10.1.0.2,19087,3,0.0-12.8,1468530,920026,0.064,1,1000,0.100,0
20191031111108,10.1.0.2,18940,10.1.0.1,14440,3,0.0-49.6,1915410,309247
20191031111108,10.1.0.1,14440,10.1.0.2,18940,3,0.0-49.5,1915410,309390,0.560,0,1303,0.000,0
20191031111108,10.1.0.2,18833,10.1.0.1,14333,3,0.0-76.9,3580920,372735
20191031111108,10.1.0.1,14333,10.1.0.2,18833,3,0.0-76.8,3580920,372839,0.347,0,2436,0.000,0
20191031111109,10.1.0.2,19027,10.1.0.1,14527,3,0.0-31.3,6226920,1593343
20191031111109,10.1.0.1,14527,10.1.0.2,19027,3,0.0-31.3,6226920,1593534,0.069,0,4236,0.000,0
20191031111109,10.1.0.2,19033,10.1.0.1,14533,3,0.0-30.7,1142190,297983
20191031111109,10.1.0.2,19051,10.1.0.1,14551,3,0.0-25.4,4054260,1278973
20191031111109,10.1.0.2,19116,10.1.0.1,14616,3,0.0-6.9,235200,271357
20191031111109,10.1.0.1,14533,10.1.0.2,19033,3,0.0-30.6,1142190,298306,0.074,0,777,0.000,0
20191031111110,10.1.0.1,14551,10.1.0.2,19051,3,0.0-25.3,4052790,1279104,0.101,1,2758,0.036,0
20191031111110,10.1.0.1,14616,10.1.0.2,19116,3,0.0-6.9,235200,271775,0.087,0,160,0.000,0
20191031111110,10.1.0.2,18769,10.1.0.1,14269,3,0.0-91.9,17676750,1539070
20191031111110,10.1.0.1,14269,10.1.0.2,18769,3,0.0-91.9,17672340,1539055,0.083,3,12025,0.025,0
20191031111110,10.1.0.2,18996,10.1.0.1,14496,3,0.0-39.7,558600,112639
20191031111110,10.1.0.1,14496,10.1.0.2,18996,3,0.0-39.7,558600,112705,0.452,0,380,0.000,0
20191031111110,10.1.0.2,19124,10.1.0.1,14624,3,0.0-6.5,411600,506876
20191031111110,10.1.0.1,14624,10.1.0.2,19124,3,0.0-6.5,411600,508491,0.291,0,280,0.000,0
20191031111110,10.1.0.2,19010,10.1.0.1,14510,3,0.0-36.9,1080450,234495
20191031111110,10.1.0.1,14510,10.1.0.2,19010,3,0.0-36.8,1080450,234664,0.264,0,735,0.000,0
20191031111110,10.1.0.2,18946,10.1.0.1,14446,3,0.0-50.7,486570,76799
20191031111110,10.1.0.2,18929,10.1.0.1,14429,3,0.0-55.8,7836570,1123326
20191031111110,10.1.0.2,18920,10.1.0.1,14420,3,0.0-58.4,4018980,550911
20191031111110,10.1.0.1,14446,10.1.0.2,18946,3,0.0-50.6,486570,76892,0.105,0,331,0.000,0
20191031111110,10.1.0.1,14429,10.1.0.2,18929,3,0.0-55.8,7835100,1123338,0.093,1,5331,0.019,0
20191031111111,10.1.0.1,14420,10.1.0.2,18920,3,0.0-58.4,4018980,550947,0.092,0,2734,0.000,0
20191031111111,10.1.0.2,19076,10.1.0.1,14576,3,0.0-18.9,2710680,1146876
20191031111111,10.1.0.1,14576,10.1.0.2,19076,3,0.0-18.9,2710680,1147149,0.085,0,1844,0.000,0
20191031111112,10.1.0.2,18877,10.1.0.1,14377,3,0.0-71.4,13826820,1548287
20191031111112,10.1.0.1,14377,10.1.0.2,18877,3,0.0-71.4,13825350,1548397,0.136,1,9406,0.011,0
20191031111112,10.1.0.2,19032,10.1.0.1,14532,3,0.0-33.7,2397570,569342
20191031111112,10.1.0.2,18964,10.1.0.1,14464,3,0.0-47.8,2803290,468991
20191031111112,10.1.0.1,14464,10.1.0.2,18964,3,0.0-47.8,2803290,469173,0.088,0,1907,0.000,0
20191031111112,10.1.0.1,14532,10.1.0.2,19032,3,0.0-33.7,2396100,569429,0.072,1,1631,0.061,0
20191031111112,10.1.0.2,19102,10.1.0.1,14602,3,0.0-13.8,1878660,1088510
20191031111112,10.1.0.1,14602,10.1.0.2,19102,3,0.0-13.8,1875720,1088938,0.120,2,1278,0.156,0
20191031111113,10.1.0.2,19131,10.1.0.1,14631,3,0.0-8.2,1399440,1366006
20191031111113,10.1.0.1,14631,10.1.0.2,19131,3,0.0-8.2,1395030,1366106,0.083,3,952,0.315,0
20191031111113,10.1.0.2,19067,10.1.0.1,14567,3,0.0-23.5,1439130,489471
20191031111113,10.1.0.1,14567,10.1.0.2,19067,3,0.0-23.5,1437660,489880,0.174,1,979,0.102,0
20191031111113,10.1.0.2,18907,10.1.0.1,14407,3,0.0-64.2,10801560,1345533
20191031111113,10.1.0.2,19049,10.1.0.1,14549,3,0.0-29.0,7211820,1991674
20191031111113,10.1.0.1,14549,10.1.0.2,19049,3,0.0-29.0,7207410,1991655,0.098,3,4906,0.061,0
20191031111113,10.1.0.1,14407,10.1.0.2,18907,3,0.0-64.2,10798620,1345527,0.084,2,7348,0.027,0
20191031111113,10.1.0.2,19063,10.1.0.1,14563,3,0.0-25.5,224910,70655
20191031111113,10.1.0.1,14563,10.1.0.2,19063,3,0.0-25.5,224910,70668,0.632,0,153,0.000,0
20191031111113,10.1.0.2,18982,10.1.0.1,14482,3,0.0-45.7,3389820,592894
20191031111113,10.1.0.1,14482,10.1.0.2,18982,3,0.0-45.7,3386880,592989,0.082,2,2306,0.087,0
20191031111113,10.1.0.2,19088,10.1.0.1,14588,3,0.0-18.2,2168250,953340
20191031111113,10.1.0.1,14588,10.1.0.2,19088,3,0.0-18.2,2166780,953298,0.072,1,1475,0.068,0
20191031111113,10.1.0.2,18788,10.1.0.1,14288,3,0.0-92.3,307230,26623
20191031111114,10.1.0.1,14288,10.1.0.2,18788,3,0.0-92.3,307230,26629,0.131,0,209,0.000,0
20191031111114,10.1.0.2,19064,10.1.0.1,14564,3,0.0-26.0,38220,11759
20191031111114,10.1.0.1,14564,10.1.0.2,19064,3,0.0-25.0,36750,11760,62.573,1,26,3.846,0
20191031111115,10.1.0.2,18944,10.1.0.1,14444,3,0.0-56.0,458640,65535
20191031111115,10.1.0.1,14444,10.1.0.2,18944,3,0.0-55.8,457170,65534,0.110,1,312,0.321,0
20191031111115,10.1.0.2,18933,10.1.0.1,14433,3,0.0-59.3,9684360,1305598
20191031111115,10.1.0.1,14433,10.1.0.2,18933,3,0.0-59.3,9677010,1305646,0.071,5,6588,0.076,0
20191031111115,10.1.0.2,19079,10.1.0.1,14579,3,0.0-22.1,8674470,3133434
20191031111115,10.1.0.1,14579,10.1.0.2,19079,3,0.0-22.1,8670060,3133500,0.082,3,5901,0.051,0
20191031111115,10.1.0.2,18844,10.1.0.1,14344,3,0.0-82.6,3286920,318463
20191031111115,10.1.0.1,14344,10.1.0.2,18844,3,0.0-82.6,3286920,318489,0.061,0,2236,0.000,0
20191031111116,10.1.0.2,19143,10.1.0.1,14643,3,0.0-9.2,865830,755705
20191031111116,10.1.0.1,14643,10.1.0.2,19143,3,0.0-9.1,862890,755796,0.073,2,589,0.340,0
20191031111116,10.1.0.2,18831,10.1.0.1,14331,3,0.0-85.4,17096100,1601534
20191031111116,10.1.0.1,14331,10.1.0.2,18831,3,0.0-85.4,17094630,1601486,0.049,1,11630,0.009,0
20191031111116,10.1.0.2,18861,10.1.0.1,14361,3,0.0-79.0,14620620,1480703
20191031111116,10.1.0.2,19126,10.1.0.1,14626,3,0.0-11.9,1639050,1104892
20191031111116,10.1.0.1,14361,10.1.0.2,18861,3,0.0-79.0,14616210,1480731,0.050,3,9946,0.030,0
20191031111116,10.1.0.1,14626,10.1.0.2,19126,3,0.0-11.8,1634640,1105083,0.372,3,1115,0.269,0
20191031111116,10.1.0.2,19139,10.1.0.1,14639,3,0.0-10.2,396900,310270
20191031111116,10.1.0.1,14639,10.1.0.2,19139,3,0.0-10.2,396900,310659,0.502,0,270,0.000,0
20191031111116,10.1.0.2,19070,10.1.0.1,14570,3,0.0-26.0,765870,235519
20191031111116,10.1.0.1,14570,10.1.0.2,19070,3,0.0-26.0,765870,235820,0.076,0,521,0.000,0
20191031111116,10.1.0.2,19104,10.1.0.1,14604,3,0.0-17.4,508620,233471
20191031111116,10.1.0.2,19089,10.1.0.1,14589,3,0.0-20.1,3896970,1552380
20191031111116,10.1.0.2,18984,10.1.0.1,14484,3,0.0-48.4,2665110,440319
20191031111116,10.1.0.1,14589,10.1.0.2,19089,3,0.0-20.1,3891090,1552366,0.134,4,2651,0.151,0
20191031111116,10.1.0.1,14604,10.1.0.2,19104,3,0.0-17.4,507150,233477,0.699,1,346,0.289,0
20191031111116,10.1.0.1,14484,10.1.0.2,18984,3,0.0-48.4,2663640,440465,0.449,1,1813,0.055,0
20191031111116,10.1.0.2,19081,10.1.0.1,14581,3,0.0-22.5,3286920,1170431
20191031111116,10.1.0.1,14581,10.1.0.2,19081,3,0.0-22.5,3286920,1170661,0.170,0,2236,0.000,0
20191031111116,10.1.0.2,19123,10.1.0.1,14623,3,0.0-12.9,4285050,2660326
20191031111116,10.1.0.1,14623,10.1.0.2,19123,3,0.0-12.9,4279170,2660328,0.069,4,2915,0.137,0
20191031111117,10.1.0.2,18902,10.1.0.1,14402,3,0.0-69.7,392490,45055
20191031111117,10.1.0.1,14402,10.1.0.2,18902,3,0.0-69.7,392490,45066,0.137,0,267,0.000,0
20191031111117,10.1.0.2,19061,10.1.0.1,14561,3,0.0-30.5,1672860,439294
20191031111117,10.1.0.1,14561,10.1.0.2,19061,3,0.0-30.4,1672860,439586,0.088,0,1138,0.000,0
20191031111118,10.1.0.2,18925,10.1.0.1,14425,3,0.0-63.6,9031680,1136639
20191031111118,10.1.0.1,14425,10.1.0.2,18925,3,0.0-63.6,9031680,1136766,0.076,0,6144,0.000,0
20191031111118,10.1.0.2,19057,10.1.0.1,14557,3,0.0-32.6,2141790,526334
20191031111118,10.1.0.2,19169,10.1.0.1,14669,3,0.0-6.3,145530,185343
20191031111118,10.1.0.2,19118,10.1.0.1,14618,3,0.0-15.5,7117740,3682286
20191031111118,10.1.0.1,14618,10.1.0.2,19118,3,0.0-15.4,7110390,3682363,0.367,5,4842,0.103,0
20191031111118,10.1.0.1,14557,10.1.0.2,19057,3,0.0-32.5,2141790,526570,0.071,0,1457,0.000,0
20191031111118,10.1.0.1,14669,10.1.0.2,19169,3,0.0-6.2,145530,186656,0.159,0,99,0.000,0
20191031111118,10.1.0.2,19001,10.1.0.1,14501,3,0.0-47.0,5269950,897022
20191031111118,10.1.0.1,14501,10.1.0.2,19001,3,0.0-47.0,5269950,897102,0.221,0,3585,0.000,0
20191031111118,10.1.0.2,18930,10.1.0.1,14430,3,0.0-63.4,9402120,1185790
20191031111118,10.1.0.1,14430,10.1.0.2,18930,3,0.0-63.4,9402120,1185934,0.106,0,6396,0.000,0
20191031111119,10.1.0.2,19083,10.1.0.1,14583,3,0.0-24.9,1927170,618494
20191031111119,10.1.0.1,14583,10.1.0.2,19083,3,0.0-24.9,1925700,618894,0.129,1,1311,0.076,0
20191031111119,10.1.0.2,19132,10.1.0.1,14632,3,0.0-14.1,5047980,2871287
20191031111119,10.1.0.1,14632,10.1.0.2,19132,3,0.0-14.0,5040630,2871386,0.067,5,3434,0.146,0
20191031111119,10.1.0.2,18882,10.1.0.1,14382,3,0.0-78.0,3342780,343039
20191031111119,10.1.0.1,14382,10.1.0.2,18882,3,0.0-77.9,3341310,343041,0.057,1,2274,0.044,0
20191031111119,10.1.0.2,19133,10.1.0.1,14633,3,0.0-14.2,768810,432126
20191031111119,10.1.0.2,19022,10.1.0.1,14522,3,0.0-42.7,9915150,1858556
20191031111119,10.1.0.1,14522,10.1.0.2,19022,3,0.0-42.7,9912210,1858571,0.080,2,6745,0.030,0
20191031111119,10.1.0.1,14633,10.1.0.2,19133,3,0.0-14.2,767340,432279,0.124,1,523,0.191,0
20191031111119,10.1.0.2,19017,10.1.0.1,14517,3,0.0-44.6,17262210,3094523
20191031111119,10.1.0.1,14517,10.1.0.2,19017,3,0.0-44.6,17257800,3094584,0.061,3,11743,0.026,0
20191031111119,10.1.0.2,18846,10.1.0.1,14346,3,0.0-86.0,1475880,137215
20191031111119,10.1.0.1,14346,10.1.0.2,18846,3,0.0-86.0,1475880,137230,0.103,0,1004,0.000,0
20191031111120,10.1.0.2,19157,10.1.0.1,14657,3,0.0-11.0,2472540,1793017
20191031111120,10.1.0.1,14657,10.1.0.2,19157,3,0.0-11.0,2471070,1790996,0.512,1,1682,0.059,0
20191031111120,10.1.0.2,19036,10.1.0.1,14536,3,0.0-40.4,3839640,760831
20191031111120,10.1.0.1,14536,10.1.0.2,19036,3,0.0-40.4,3838170,760907,0.397,1,2612,0.038,0
20191031111121,10.1.0.2,18910,10.1.0.1,14410,3,0.0-71.3,2656290,297983
20191031111121,10.1.0.1,14410,10.1.0.2,18910,3,0.0-71.3,2654820,297982,0.062,1,1807,0.055,0
20191031111121,10.1.0.2,18888,10.1.0.1,14388,3,0.0-78.4,682080,69631
20191031111121,10.1.0.1,14388,10.1.0.2,18888,3,0.0-78.2,680610,69631,0.123,1,464,0.216,0
20191031111121,10.1.0.2,18857,10.1.0.1,14357,3,0.0-85.0,6515040,613375
20191031111121,10.1.0.1,14357,10.1.0.2,18857,3,0.0-85.0,6515040,613459,0.089,0,4432,0.000,0
20191031111121,10.1.0.2,18904,10.1.0.1,14404,3,0.0-73.8,12719910,1379326
20191031111121,10.1.0.1,14404,10.1.0.2,18904,3,0.0-73.8,12718440,1379454,0.079,1,8653,0.012,0
20191031111122,10.1.0.2,18892,10.1.0.1,14392,3,0.0-77.8,16884420,1736702
20191031111122,10.1.0.1,14392,10.1.0.2,18892,3,0.0-77.8,16882950,1736718,0.070,1,11486,0.009,0
20191031111122,10.1.0.2,18987,10.1.0.1,14487,3,0.0-54.2,14963130,2207742
20191031111122,10.1.0.1,14487,10.1.0.2,18987,3,0.0-54.2,14951370,2207773,0.091,8,10179,0.079,0
20191031111123,10.1.0.2,18923,10.1.0.1,14423,3,0.0-70.1,601230,68607
20191031111124,10.1.0.1,14423,10.1.0.2,18923,3,0.0-70.1,601230,68610,0.551,0,409,0.000,0
20191031111124,10.1.0.2,18845,10.1.0.1,14345,3,0.0-90.3,6792870,602111
20191031111124,10.1.0.1,14345,10.1.0.2,18845,3,0.0-90.2,6789930,602141,0.079,2,4621,0.043,0
20191031111124,10.1.0.2,19066,10.1.0.1,14566,3,0.0-34.7,8649480,1995773
20191031111124,10.1.0.2,19030,10.1.0.1,14530,3,0.0-45.5,338100,59391
20191031111124,10.1.0.2,18979,10.1.0.1,14479,3,0.0-57.0,854070,119807
20191031111124,10.1.0.1,14566,10.1.0.2,19066,3,0.0-34.6,8640660,1995747,0.075,6,5884,0.102,0
20191031111124,10.1.0.1,14530,10.1.0.2,19030,3,0.0-45.5,338100,59396,62.661,0,230,0.000,0
20191031111124,10.1.0.1,14479,10.1.0.2,18979,3,0.0-57.0,854070,119820,0.091,0,581,0.000,0
20191031111124,10.1.0.2,19014,10.1.0.1,14514,3,0.0-50.3,6969270,1108990
20191031111124,10.1.0.2,18955,10.1.0.1,14455,3,0.0-62.0,20272770,2616318
20191031111124,10.1.0.1,14514,10.1.0.2,19014,3,0.0-50.3,6969270,1109190,0.348,0,4741,0.000,0
20191031111124,10.1.0.1,14455,10.1.0.2,18955,3,0.0-62.0,20271300,2616306,0.146,1,13791,0.007,0
20191031111125,10.1.0.2,18900,10.1.0.1,14400,3,0.0-78.4,4505550,459775
20191031111125,10.1.0.2,19137,10.1.0.1,14637,3,0.0-19.3,3823470,1587197
20191031111125,10.1.0.1,14400,10.1.0.2,18900,3,0.0-78.4,4505550,459908,62.592,0,3065,0.000,0
20191031111125,10.1.0.1,14637,10.1.0.2,19137,3,0.0-19.2,3816120,1587514,0.083,5,2601,0.192,0
20191031111125,10.1.0.2,18977,10.1.0.1,14477,3,0.0-58.2,4027800,553983
20191031111125,10.1.0.1,14477,10.1.0.2,18977,3,0.0-58.1,4024860,554072,0.167,2,2740,0.073,0
20191031111125,10.1.0.2,18909,10.1.0.1,14409,3,0.0-75.9,4673130,492543
20191031111125,10.1.0.1,14409,10.1.0.2,18909,3,0.0-75.9,4673130,492632,0.177,0,3179,0.000,0
20191031111125,10.1.0.2,18906,10.1.0.1,14406,3,0.0-76.5,2202060,230399
20191031111125,10.1.0.1,14406,10.1.0.2,18906,3,0.0-76.4,2202060,230449,0.365,0,1498,0.000,0
20191031111125,10.1.0.2,19084,10.1.0.1,14584,3,0.0-30.4,1675800,441342
20191031111125,10.1.0.1,14584,10.1.0.2,19084,3,0.0-30.3,1674330,441363,0.113,1,1140,0.088,0
20191031111125,10.1.0.2,18819,10.1.0.1,14319,3,0.0-98.3,25395720,2066430
20191031111125,10.1.0.1,14319,10.1.0.2,18819,3,0.0-98.3,25391310,2066407,0.475,3,17276,0.017,0
20191031111126,10.1.0.2,19165,10.1.0.1,14665,3,0.0-15.3,204330,106495
20191031111126,10.1.0.1,14665,10.1.0.2,19165,3,0.0-15.3,204330,106718,0.126,0,139,0.000,0
20191031111127,10.1.0.2,19113,10.1.0.1,14613,3,0.0-25.4,217560,68607
20191031111127,10.1.0.1,14613,10.1.0.2,19113,3,0.0-25.4,217560,68617,62.878,0,148,0.000,0
20191031111127,10.1.0.2,18872,10.1.0.1,14372,3,0.0-88.5,1223040,110591
20191031111127,10.1.0.2,18837,10.1.0.1,14337,3,0.0-94.7,21301770,1799167
20191031111127,10.1.0.1,14372,10.1.0.2,18872,3,0.0-88.5,1223040,110595,0.105,0,832,0.000,0
20191031111127,10.1.0.1,14337,10.1.0.2,18837,3,0.0-94.7,21300300,1799214,0.086,1,14491,0.007,0
20191031111127,10.1.0.2,18918,10.1.0.1,14418,3,0.0-75.7,9890160,1045503
20191031111127,10.1.0.1,14418,10.1.0.2,18918,3,0.0-75.6,9885750,1045505,0.080,3,6728,0.045,0
20191031111127,10.1.0.2,19060,10.1.0.1,14560,3,0.0-40.1,539490,107519
20191031111127,10.1.0.2,19018,10.1.0.1,14518,3,0.0-52.2,3858750,591871
20191031111127,10.1.0.2,19192,10.1.0.1,14692,3,0.0-8.8,317520,288765
20191031111127,10.1.0.1,14692,10.1.0.2,19192,3,0.0-8.8,317520,289693,0.102,0,216,0.000,0
20191031111127,10.1.0.2,18917,10.1.0.1,14417,3,0.0-76.7,5308170,553983
20191031111127,10.1.0.2,19071,10.1.0.1,14571,3,0.0-37.0,1165710,251903
20191031111127,10.1.0.1,14560,10.1.0.2,19060,3,0.0-40.1,539490,107652,0.105,0,367,0.000,0
20191031111127,10.1.0.1,14518,10.1.0.2,19018,3,0.0-52.1,3858750,591977,0.120,0,2625,0.000,0
20191031111127,10.1.0.1,14417,10.1.0.2,18917,3,0.0-76.6,5305230,554027,0.089,2,3611,0.055,0
20191031111127,10.1.0.1,14571,10.1.0.2,19071,3,0.0-37.0,1165710,252077,0.330,0,793,0.000,0
20191031111128,10.1.0.2,18883,10.1.0.1,14383,3,0.0-86.4,23878680,2210813
20191031111128,10.1.0.2,18919,10.1.0.1,14419,3,0.0-76.3,4042500,423935
20191031111128,10.1.0.1,14419,10.1.0.2,18919,3,0.0-76.2,4041030,424014,0.093,1,2750,0.036,0
20191031111128,10.1.0.2,18938,10.1.0.1,14438,3,0.0-69.6,18244170,2097149
20191031111128,10.1.0.1,14438,10.1.0.2,18938,3,0.0-69.6,18232410,2097128,0.066,8,12411,0.064,0
20191031111128,10.1.0.1,14383,10.1.0.2,18883,3,0.0-86.4,23874270,2210847,0.066,3,16244,0.018,0
20191031111128,10.1.0.2,19077,10.1.0.1,14577,3,0.0-35.8,5525730,1235966
20191031111128,10.1.0.1,14577,10.1.0.2,19077,3,0.0-35.8,5524260,1236180,0.107,1,3759,0.027,0
20191031111128,10.1.0.2,19119,10.1.0.1,14619,3,0.0-25.7,2372580,738301
20191031111129,10.1.0.1,14619,10.1.0.2,19119,3,0.0-25.7,2372580,738428,0.096,0,1614,0.000,0
20191031111129,10.1.0.2,19034,10.1.0.1,14534,3,0.0-49.5,18755730,3028985
20191031111129,10.1.0.1,14534,10.1.0.2,19034,3,0.0-49.5,18754260,3029027,0.064,1,12759,0.008,0
20191031111129,10.1.0.2,19095,10.1.0.1,14595,3,0.0-31.6,5393430,1367036
20191031111129,10.1.0.2,18992,10.1.0.1,14492,3,0.0-59.4,4789260,645119
20191031111129,10.1.0.1,14595,10.1.0.2,19095,3,0.0-31.6,5393430,1367305,0.074,0,3669,0.000,0
20191031111129,10.1.0.1,14492,10.1.0.2,18992,3,0.0-59.4,4789260,645184,0.123,0,3258,0.000,0
20191031111129,10.1.0.2,18834,10.1.0.1,14334,3,0.0-97.1,17864910,1472511
20191031111129,10.1.0.2,19072,10.1.0.1,14572,3,0.0-38.6,1384740,286719
20191031111129,10.1.0.1,14334,10.1.0.2,18834,3,0.0-97.1,17864910,1472575,0.075,0,12153,0.000,0
20191031111129,10.1.0.1,14572,10.1.0.2,19072,3,0.0-38.6,1384740,286858,0.194,0,942,0.000,0
20191031111130,10.1.0.2,18878,10.1.0.1,14378,3,0.0-89.2,13058010,1171455
20191031111130,10.1.0.1,14378,10.1.0.2,18878,3,0.0-89.2,13056540,1171471,0.066,1,8883,0.011,0
20191031111130,10.1.0.2,18993,10.1.0.1,14493,3,0.0-60.4,4928910,653310
20191031111130,10.1.0.1,14493,10.1.0.2,18993,3,0.0-60.3,4927440,653378,0.079,1,3353,0.030,0
20191031111130,10.1.0.2,19068,10.1.0.1,14568,3,0.0-40.7,5095020,1001470
20191031111130,10.1.0.1,14568,10.1.0.2,19068,3,0.0-40.7,5093550,1001477,0.071,1,3466,0.029,0
20191031111130,10.1.0.2,19145,10.1.0.1,14645,3,0.0-23.5,14163450,4825073
20191031111130,10.1.0.1,14645,10.1.0.2,19145,3,0.0-23.5,14147280,4825199,0.084,11,9635,0.114,0
20191031111130,10.1.0.2,18994,10.1.0.1,14494,3,0.0-60.9,33585090,4414461
20191031111131,10.1.0.1,14494,10.1.0.2,18994,3,0.0-60.8,33567450,4414379,0.078,12,22847,0.053,0
20191031111131,10.1.0.2,19016,10.1.0.1,14516,3,0.0-56.3,504210,71679
20191031111131,10.1.0.1,14516,10.1.0.2,19016,3,0.0-56.3,504210,71699,0.264,0,343,0.000,0
20191031111131,10.1.0.2,18928,10.1.0.1,14428,3,0.0-76.7,6825210,711679
20191031111131,10.1.0.1,14428,10.1.0.2,18928,3,0.0-76.7,6825210,711723,0.079,0,4643,0.000,0
20191031111132,10.1.0.2,19182,10.1.0.1,14682,3,0.0-15.3,391020,204799
20191031111132,10.1.0.1,14682,10.1.0.2,19182,3,0.0-15.2,389550,204806,0.076,1,266,0.376,0
20191031111132,10.1.0.2,19147,10.1.0.1,14647,3,0.0-24.8,3401580,1097725
20191031111132,10.1.0.1,14647,10.1.0.2,19147,3,0.0-24.8,3398640,1097947,0.054,2,2314,0.086,0
20191031111132,10.1.0.2,19009,10.1.0.1,14509,3,0.0-58.6,9796080,1336318
20191031111132,10.1.0.1,14509,10.1.0.2,19009,3,0.0-58.6,9793140,1336320,0.065,2,6664,0.030,0
20191031111132,10.1.0.2,19164,10.1.0.1,14664,3,0.0-21.8,7017780,2572281
20191031111132,10.1.0.1,14664,10.1.0.2,19164,3,0.0-21.8,7008960,2572674,1.175,6,4774,0.126,0
20191031111132,10.1.0.2,19085,10.1.0.1,14585,3,0.0-37.6,2281440,485375
20191031111132,10.1.0.1,14585,10.1.0.2,19085,3,0.0-37.6,2281440,485549,0.195,0,1552,0.000,0
20191031111133,10.1.0.2,18961,10.1.0.1,14461,3,0.0-68.9,9396240,1091582
20191031111133,10.1.0.1,14461,10.1.0.2,18961,3,0.0-68.9,9396240,1091675,0.062,0,6392,0.000,0
20191031111133,10.1.0.2,18981,10.1.0.1,14481,3,0.0-65.8,26073390,3170301
20191031111133,10.1.0.1,14481,10.1.0.2,18981,3,0.0-65.8,26067510,3170246,0.064,4,17737,0.023,0
20191031111133,10.1.0.2,19106,10.1.0.1,14606,3,0.0-33.7,495390,117759
20191031111133,10.1.0.1,14606,10.1.0.2,19106,3,0.0-33.6,495390,117911,0.097,0,337,0.000,0
20191031111134,10.1.0.2,18886,10.1.0.1,14386,3,0.0-91.6,22058820,1927166
20191031111134,10.1.0.1,14386,10.1.0.2,18886,3,0.0-91.5,22048530,1927157,0.080,7,15006,0.047,0
20191031111134,10.1.0.2,18941,10.1.0.1,14441,3,0.0-75.5,1641990,174079
20191031111134,10.1.0.1,14441,10.1.0.2,18941,3,0.0-75.5,1641990,174086,0.089,0,1117,0.000,0
20191031111134,10.1.0.2,18884,10.1.0.1,14384,3,0.0-92.9,18861570,1624062
20191031111134,10.1.0.1,14384,10.1.0.2,18884,3,0.0-92.9,18854220,1624104,0.114,5,12831,0.039,0
20191031111135,10.1.0.2,18875,10.1.0.1,14375,3,0.0-94.9,33549810,2828285
20191031111135,10.1.0.1,14375,10.1.0.2,18875,3,0.0-94.9,33542460,2828198,0.075,5,22823,0.022,0
20191031111135,10.1.0.2,19039,10.1.0.1,14539,3,0.0-52.8,10298820,1559550
20191031111135,10.1.0.1,14539,10.1.0.2,19039,3,0.0-52.8,10295880,1559599,0.096,2,7006,0.029,0
20191031111135,10.1.0.2,18926,10.1.0.1,14426,3,0.0-80.9,2008020,198655
20191031111135,10.1.0.1,14426,10.1.0.2,18926,3,0.0-80.9,2008020,198687,0.107,0,1366,0.000,0
20191031111136,10.1.0.2,18914,10.1.0.1,14414,3,0.0-86.6,5938800,548863
20191031111136,10.1.0.1,14414,10.1.0.2,18914,3,0.0-86.5,5937330,548858,0.505,1,4040,0.025,0
20191031111137,10.1.0.2,19228,10.1.0.1,14728,3,0.0-10.3,205800,159743
20191031111137,10.1.0.1,14728,10.1.0.2,19228,3,0.0-10.3,205800,159868,63.592,0,140,0.000,0
20191031111137,10.1.0.2,18943,10.1.0.1,14443,3,0.0-77.8,567420,58367
20191031111137,10.1.0.2,18876,10.1.0.1,14376,3,0.0-96.4,123430020,10245110
20191031111137,10.1.0.1,14443,10.1.0.2,18943,3,0.0-77.8,567420,58378,62.585,0,386,0.000,0
20191031111137,10.1.0.1,14376,10.1.0.2,18876,3,0.0-96.4,123419730,10244765,0.083,7,83966,0.008,0
20191031111137,10.1.0.2,19045,10.1.0.1,14545,3,0.0-53.7,3727920,555007
20191031111137,10.1.0.1,14545,10.1.0.2,19045,3,0.0-53.7,3727920,555105,0.083,0,2536,0.000,0
20191031111137,10.1.0.2,18967,10.1.0.1,14467,3,0.0-72.1,3561810,395263
20191031111137,10.1.0.1,14467,10.1.0.2,18967,3,0.0-72.1,3560340,395297,0.141,1,2423,0.041,0
20191031111137,10.1.0.2,19107,10.1.0.1,14607,3,0.0-37.3,9399180,2014205
20191031111137,10.1.0.1,14607,10.1.0.2,19107,3,0.0-37.3,9394770,2014198,0.065,3,6394,0.047,0
20191031111138,10.1.0.2,19003,10.1.0.1,14503,3,0.0-65.6,5605110,684031
20191031111138,10.1.0.1,14503,10.1.0.2,19003,3,0.0-65.5,5605110,684134,0.126,0,3813,0.000,0
20191031111138,10.1.0.2,18980,10.1.0.1,14480,3,0.0-70.8,5418420,612351
20191031111138,10.1.0.1,14480,10.1.0.2,18980,3,0.0-70.8,5416950,612467,0.063,1,3686,0.027,0
20191031111138,10.1.0.2,19231,10.1.0.1,14731,3,0.0-11.0,402780,292862
20191031111138,10.1.0.1,14731,10.1.0.2,19231,3,0.0-11.0,401310,292921,0.148,1,274,0.365,0
20191031111138,10.1.0.2,18974,10.1.0.1,14474,3,0.0-71.8,1184820,132095
20191031111138,10.1.0.1,14474,10.1.0.2,18974,3,0.0-71.7,1184820,132131,0.088,0,806,0.000,0
20191031111138,10.1.0.2,18991,10.1.0.1,14491,3,0.0-69.1,521850,60415
20191031111138,10.1.0.1,14491,10.1.0.2,18991,3,0.0-69.1,521850,60446,0.077,0,355,0.000,0
20191031111141,10.1.0.2,19242,10.1.0.1,14742,3,0.0-12.5,3097290,1980388
20191031111141,10.1.0.1,14742,10.1.0.2,19242,3,0.0-12.5,3091410,1980356,0.091,4,2107,0.190,0
20191031111141,10.1.0.2,19261,10.1.0.1,14761,3,0.0-8.1,289590,287741
20191031111141,10.1.0.1,14761,10.1.0.2,19261,3,0.0-8.0,286650,287775,0.405,2,197,1.015,0
20191031111141,10.1.0.2,19007,10.1.0.1,14507,3,0.0-68.0,5190570,610303
20191031111141,10.1.0.1,14507,10.1.0.2,19007,3,0.0-68.0,5187630,610334,0.111,2,3531,0.057,0
20191031111141,10.1.0.2,19245,10.1.0.1,14745,3,0.0-12.7,1109850,698360
20191031111141,10.1.0.2,18969,10.1.0.1,14469,3,0.0-75.7,4680480,494591
20191031111141,10.1.0.1,14745,10.1.0.2,19245,3,0.0-12.7,1108380,698991,0.091,1,755,0.132,0
20191031111141,10.1.0.1,14469,10.1.0.2,18969,3,0.0-75.7,4680480,494669,0.077,0,3184,0.000,0
20191031111142,10.1.0.2,18997,10.1.0.1,14497,3,0.0-71.1,6947220,781311
20191031111142,10.1.0.2,19043,10.1.0.1,14543,3,0.0-58.7,11088210,1511422
20191031111142,10.1.0.1,14497,10.1.0.2,18997,3,0.0-71.1,6947220,781398,0.074,0,4726,0.000,0
20191031111142,10.1.0.1,14543,10.1.0.2,19043,3,0.0-58.7,11088210,1511544,0.060,0,7543,0.000,0
20191031111142,10.1.0.2,19115,10.1.0.1,14615,3,0.0-40.1,4046910,806910
20191031111142,10.1.0.1,14615,10.1.0.2,19115,3,0.0-40.1,4043970,806983,0.063,2,2753,0.073,0
20191031111142,10.1.0.2,19218,10.1.0.1,14718,3,0.0-17.8,3619140,1630204
20191031111142,10.1.0.1,14718,10.1.0.2,19218,3,0.0-17.8,3617670,1630234,0.057,1,2462,0.041,0
20191031111142,10.1.0.2,19220,10.1.0.1,14720,3,0.0-17.8,686490,309246
20191031111142,10.1.0.1,14720,10.1.0.2,19220,3,0.0-17.7,686490,309666,0.050,0,467,0.000,0
20191031111143,10.1.0.2,19035,10.1.0.1,14535,3,0.0-63.1,855540,108543
20191031111143,10.1.0.1,14535,10.1.0.2,19035,3,0.0-63.0,855540,108568,0.082,0,582,0.000,0
20191031111143,10.1.0.2,19174,10.1.0.1,14674,3,0.0-29.9,4530540,1213437
20191031111143,10.1.0.1,14674,10.1.0.2,19174,3,0.0-29.9,4529070,1213573,0.081,1,3082,0.032,0
20191031111144,10.1.0.2,18990,10.1.0.1,14490,3,0.0-74.6,29977710,3215356
20191031111144,10.1.0.2,18985,10.1.0.1,14485,3,0.0-75.7,3495660,369663
20191031111144,10.1.0.1,14490,10.1.0.2,18990,3,0.0-74.6,29968890,3215343,0.078,6,20393,0.029,0
20191031111144,10.1.0.1,14485,10.1.0.2,18985,3,0.0-75.6,3495660,369804,0.080,0,2378,0.000,0
20191031111144,10.1.0.2,18912,10.1.0.1,14412,3,0.0-94.8,3057600,258047
20191031111144,10.1.0.1,14412,10.1.0.2,18912,3,0.0-94.8,3057600,258076,0.097,0,2080,0.000,0
20191031111144,10.1.0.2,19221,10.1.0.1,14721,3,0.0-19.8,513030,206847
20191031111144,10.1.0.1,14721,10.1.0.2,19221,3,0.0-19.8,513030,206915,0.089,0,349,0.000,0
20191031111145,10.1.0.2,18963,10.1.0.1,14463,3,0.0-80.6,23021670,2284542
20191031111145,10.1.0.1,14463,10.1.0.2,18963,3,0.0-80.6,23012850,2284613,0.085,6,15661,0.038,0
20191031111145,10.1.0.2,18958,10.1.0.1,14458,3,0.0-81.6,7911540,775167
20191031111145,10.1.0.1,14458,10.1.0.2,18958,3,0.0-81.6,7910070,775267,0.190,1,5382,0.019,0
20191031111145,10.1.0.2,19048,10.1.0.1,14548,3,0.0-61.2,29641080,3873787
20191031111145,10.1.0.1,14548,10.1.0.2,19048,3,0.0-61.2,29633730,3873785,0.114,5,20164,0.025,0
20191031111145,10.1.0.2,19127,10.1.0.1,14627,3,0.0-41.0,357210,69631
20191031111145,10.1.0.2,19004,10.1.0.1,14504,3,0.0-73.1,7130970,780287
20191031111145,10.1.0.1,14504,10.1.0.2,19004,3,0.0-73.1,7128030,780300,0.055,2,4851,0.041,0
20191031111145,10.1.0.2,19047,10.1.0.1,14547,3,0.0-62.0,5134710,662527
20191031111145,10.1.0.1,14547,10.1.0.2,19047,3,0.0-62.0,5133240,662522,0.068,1,3493,0.029,0
20191031111145,10.1.0.1,14627,10.1.0.2,19127,3,0.0-41.0,357210,69716,0.155,0,243,0.000,0
20191031111146,10.1.0.2,19075,10.1.0.1,14575,3,0.0-53.9,29289750,4350969
20191031111146,10.1.0.2,19040,10.1.0.1,14540,3,0.0-64.0,14000280,1748990
20191031111146,10.1.0.1,14575,10.1.0.2,19075,3,0.0-53.8,29285340,4351025,0.058,3,19925,0.015,0
20191031111146,10.1.0.1,14540,10.1.0.2,19040,3,0.0-64.0,13989990,1749014,0.077,7,9524,0.073,0
20191031111147,10.1.0.2,18972,10.1.0.1,14472,3,0.0-80.7,341040,33791
20191031111147,10.1.0.1,14472,10.1.0.2,18972,3,0.0-80.7,341040,33808,62.759,0,232,0.000,0
20191031111147,10.1.0.2,19298,10.1.0.1,14798,3,0.0-6.5,899640,1101797
20191031111147,10.1.0.1,14798,10.1.0.2,19298,3,0.0-6.5,898170,1102869,0.154,1,612,0.163,0
20191031111147,10.1.0.2,19232,10.1.0.1,14732,3,0.0-19.8,317520,127999
20191031111147,10.1.0.1,14732,10.1.0.2,19232,3,0.0-19.8,317520,128034,0.099,0,216,0.000,0
20191031111147,10.1.0.2,19080,10.1.0.1,14580,3,0.0-53.5,12969810,1940478
20191031111147,10.1.0.1,14580,10.1.0.2,19080,3,0.0-53.5,12968340,1940420,0.060,1,8823,0.011,0
20191031111147,10.1.0.2,19058,10.1.0.1,14558,3,0.0-62.0,22802640,2941949
20191031111147,10.1.0.1,14558,10.1.0.2,19058,3,0.0-62.0,22787940,2942186,0.065,10,15512,0.064,0
20191031111148,10.1.0.2,19240,10.1.0.1,14740,3,0.0-20.3,264600,104447
20191031111148,10.1.0.1,14740,10.1.0.2,19240,3,0.0-20.3,264600,104474,0.185,0,180,0.000,0
20191031111148,10.1.0.2,19111,10.1.0.1,14611,3,0.0-47.0,1955100,332799
20191031111148,10.1.0.1,14611,10.1.0.2,19111,3,0.0-47.0,1953630,332876,0.112,1,1330,0.075,0
20191031111148,10.1.0.2,18976,10.1.0.1,14476,3,0.0-81.5,11527740,1131518
20191031111148,10.1.0.1,14476,10.1.0.2,18976,3,0.0-81.5,11526270,1131493,0.069,1,7842,0.013,0
20191031111148,10.1.0.2,19141,10.1.0.1,14641,3,0.0-41.9,1014300,193535
20191031111148,10.1.0.1,14641,10.1.0.2,19141,3,0.0-41.9,1014300,193653,0.095,0,690,0.000,0
20191031111149,10.1.0.2,19177,10.1.0.1,14677,3,0.0-34.7,5831490,1345532
20191031111149,10.1.0.1,14677,10.1.0.2,19177,3,0.0-34.7,5831490,1345711,0.079,0,3967,0.000,0
20191031111149,10.1.0.2,19226,10.1.0.1,14726,3,0.0-23.0,2743020,955388
20191031111149,10.1.0.1,14726,10.1.0.2,19226,3,0.0-23.0,2741550,955398,0.084,1,1866,0.054,0
20191031111149,10.1.0.2,19012,10.1.0.1,14512,3,0.0-75.4,18433800,1955838
20191031111149,10.1.0.2,19090,10.1.0.1,14590,3,0.0-52.8,3320730,502783
20191031111149,10.1.0.1,14512,10.1.0.2,19012,3,0.0-75.4,18430860,1955912,0.081,2,12540,0.016,0
20191031111149,10.1.0.2,19140,10.1.0.1,14640,3,0.0-43.1,635040,117759
20191031111149,10.1.0.1,14590,10.1.0.2,19090,3,0.0-52.8,3320730,502874,0.109,0,2259,0.000,0
20191031111149,10.1.0.1,14640,10.1.0.2,19140,3,0.0-43.1,635040,117841,0.126,0,432,0.000,0
20191031111150,10.1.0.2,19128,10.1.0.1,14628,3,0.0-45.6,414540,72703
20191031111150,10.1.0.1,14628,10.1.0.2,19128,3,0.0-45.5,413070,72703,0.107,1,282,0.355,0
20191031111150,10.1.0.2,19187,10.1.0.1,14687,3,0.0-33.2,1583190,381951
20191031111150,10.1.0.1,14687,10.1.0.2,19187,3,0.0-33.2,1583190,382012,0.060,0,1077,0.000,0
20191031111151,10.1.0.2,19285,10.1.0.1,14785,3,0.0-13.8,2024190,1171449
20191031111151,10.1.0.2,18951,10.1.0.1,14451,3,0.0-89.2,9269820,831486
20191031111151,10.1.0.1,14785,10.1.0.2,19285,3,0.0-13.8,2024190,1171757,0.417,0,1377,0.000,0
20191031111151,10.1.0.2,19205,10.1.0.1,14705,3,0.0-29.6,826140,223231
20191031111151,10.1.0.1,14705,10.1.0.2,19205,3,0.0-29.6,826140,223523,0.142,0,562,0.000,0
20191031111151,10.1.0.2,19282,10.1.0.1,14782,3,0.0-14.7,3228120,1761270
20191031111151,10.1.0.1,14782,10.1.0.2,19282,3,0.0-14.6,3220770,1761334,0.142,5,2196,0.228,0
20191031111151,10.1.0.1,14451,10.1.0.2,18951,3,0.0-89.2,9266880,831525,0.417,2,6306,0.032,0
20191031111151,10.1.0.2,18949,10.1.0.1,14449,3,0.0-91.2,56065800,4916221
20191031111151,10.1.0.1,14449,10.1.0.2,18949,3,0.0-91.2,56062860,4916149,0.073,2,38140,0.005,0
20191031111151,10.1.0.2,18973,10.1.0.1,14473,3,0.0-85.4,1739010,162815
20191031111151,10.1.0.1,14473,10.1.0.2,18973,3,0.0-85.4,1737540,162814,0.104,1,1183,0.085,0
20191031111152,10.1.0.2,19179,10.1.0.1,14679,3,0.0-36.9,8136450,1765371
20191031111152,10.1.0.1,14679,10.1.0.2,19179,3,0.0-36.8,8126160,1765377,0.076,7,5535,0.126,0
20191031111152,10.1.0.2,18957,10.1.0.1,14457,3,0.0-89.5,7136850,637951
20191031111152,10.1.0.1,14457,10.1.0.2,18957,3,0.0-89.5,7135380,637939,1.147,1,4855,0.021,0
20191031111152,10.1.0.2,19082,10.1.0.1,14582,3,0.0-58.5,5325810,728063
20191031111153,10.1.0.1,14582,10.1.0.2,19082,3,0.0-58.5,5324340,728179,0.425,1,3623,0.028,0
20191031111153,10.1.0.2,19028,10.1.0.1,14528,3,0.0-75.3,241080,25599
20191031111153,10.1.0.1,14528,10.1.0.2,19028,3,0.0-74.9,239610,25599,62.602,1,164,0.610,0
20191031111153,10.1.0.2,18935,10.1.0.1,14435,3,0.0-96.1,19759740,1644542
20191031111153,10.1.0.1,14435,10.1.0.2,18935,3,0.0-96.1,19756800,1644513,0.105,2,13442,0.015,0
20191031111153,10.1.0.2,19015,10.1.0.1,14515,3,0.0-79.1,22514520,2277374
20191031111153,10.1.0.2,19270,10.1.0.1,14770,3,0.0-19.3,596820,246783
20191031111153,10.1.0.1,14515,10.1.0.2,19015,3,0.0-79.0,22496880,2277354,0.057,12,15316,0.078,0
20191031111153,10.1.0.1,14770,10.1.0.2,19270,3,0.0-19.3,596820,246982,0.333,0,406,0.000,0
20191031111154,10.1.0.2,19006,10.1.0.1,14506,3,0.0-81.1,6531210,644095
20191031111154,10.1.0.1,14506,10.1.0.2,19006,3,0.0-81.1,6529740,644192,0.093,1,4443,0.023,0
20191031111154,10.1.0.2,19053,10.1.0.1,14553,3,0.0-69.5,5552190,638975
20191031111154,10.1.0.1,14553,10.1.0.2,19053,3,0.0-69.5,5550720,638968,0.098,1,3777,0.026,0
20191031111154,10.1.0.2,18954,10.1.0.1,14454,3,0.0-91.9,3635310,316415
20191031111154,10.1.0.1,14454,10.1.0.2,18954,3,0.0-91.9,3635310,316493,0.077,0,2473,0.000,0
20191031111154,10.1.0.2,19214,10.1.0.1,14714,3,0.0-31.6,2246160,569342
20191031111154,10.1.0.2,19194,10.1.0.1,14694,3,0.0-35.9,354270,78847
20191031111154,10.1.0.1,14714,10.1.0.2,19214,3,0.0-31.6,2246160,569492,0.063,0,1528,0.000,0
20191031111154,10.1.0.1,14694,10.1.0.2,19194,3,0.0-35.9,354270,78855,0.099,0,241,0.000,0
20191031111155,10.1.0.2,19250,10.1.0.1,14750,3,0.0-25.4,1302420,409598
20191031111155,10.1.0.1,14750,10.1.0.2,19250,3,0.0-25.4,1302420,409726,62.553,0,886,0.000,0
20191031111155,10.1.0.2,19295,10.1.0.1,14795,3,0.0-15.5,382200,197631
20191031111155,10.1.0.1,14795,10.1.0.2,19295,3,0.0-15.5,382200,197852,0.410,0,260,0.000,0
20191031111155,10.1.0.2,18971,10.1.0.1,14471,3,0.0-89.9,529200,47103
20191031111156,10.1.0.2,19209,10.1.0.1,14709,3,0.0-33.8,8489250,2007036
20191031111156,10.1.0.1,14471,10.1.0.2,18971,3,0.0-89.9,529200,47106,0.096,0,360,0.000,0
20191031111156,10.1.0.1,14709,10.1.0.2,19209,3,0.0-33.7,8467200,2007220,0.068,15,5775,0.260,0
20191031111156,10.1.0.2,19236,10.1.0.1,14736,3,0.0-28.3,6168120,1744890
20191031111156,10.1.0.1,14736,10.1.0.2,19236,3,0.0-28.3,6166650,1745105,0.060,1,4196,0.024,0
20191031111156,10.1.0.2,19021,10.1.0.1,14521,3,0.0-79.3,13568100,1368063
20191031111156,10.1.0.1,14521,10.1.0.2,19021,3,0.0-79.3,13560750,1368111,0.066,5,9230,0.054,0
20191031111156,10.1.0.2,19170,10.1.0.1,14670,3,0.0-44.2,3081120,557055
20191031111156,10.1.0.1,14670,10.1.0.2,19170,3,0.0-44.2,3081120,557158,0.070,0,2096,0.000,0
20191031111156,10.1.0.2,19229,10.1.0.1,14729,3,0.0-29.7,45570,12287
20191031111156,10.1.0.2,19148,10.1.0.1,14648,3,0.0-49.0,702660,114687
20191031111156,10.1.0.1,14648,10.1.0.2,19148,3,0.0-49.0,702660,114712,0.086,0,478,0.000,0
20191031111156,10.1.0.2,19108,10.1.0.1,14608,3,0.0-56.0,1483230,211967
20191031111156,10.1.0.1,14729,10.1.0.2,19229,3,0.0-29.7,45570,12290,62.591,0,31,0.000,0
20191031111157,10.1.0.1,14608,10.1.0.2,19108,3,0.0-56.0,1483230,212031,0.115,0,1009,0.000,0
20191031111157,10.1.0.2,19336,10.1.0.1,14836,3,0.0-6.5,336630,412665
20191031111157,10.1.0.2,19130,10.1.0.1,14630,3,0.0-52.6,14964600,2277372
20191031111157,10.1.0.1,14836,10.1.0.2,19336,3,0.0-6.5,336630,413656,0.096,0,229,0.000,0
20191031111157,10.1.0.1,14630,10.1.0.2,19130,3,0.0-52.6,14963130,2277347,0.082,1,10180,0.010,0
20191031111158,10.1.0.2,19011,10.1.0.1,14511,3,0.0-84.1,839370,79871
20191031111158,10.1.0.1,14511,10.1.0.2,19011,3,0.0-84.0,839370,79900,62.609,0,571,0.000,0
20191031111158,10.1.0.2,19056,10.1.0.1,14556,3,0.0-73.4,7708680,840703
20191031111158,10.1.0.2,19020,10.1.0.1,14520,3,0.0-82.3,6046110,587775
20191031111158,10.1.0.1,14520,10.1.0.2,19020,3,0.0-82.3,6046110,587898,0.163,0,4113,0.000,0
20191031111158,10.1.0.2,18986,10.1.0.1,14486,3,0.0-90.4,18813060,1663999
20191031111158,10.1.0.1,14556,10.1.0.2,19056,3,0.0-73.3,7705740,840805,0.109,2,5244,0.038,0
20191031111159,10.1.0.1,14486,10.1.0.2,18986,3,0.0-90.4,18811590,1663985,0.075,1,12798,0.008,0
20191031111159,10.1.0.2,19158,10.1.0.1,14658,3,0.0-49.8,592410,95231
20191031111159,10.1.0.1,14658,10.1.0.2,19158,3,0.0-49.8,592410,95240,0.117,0,403,0.000,0
20191031111159,10.1.0.2,19100,10.1.0.1,14600,3,0.0-61.0,19536300,2561021
20191031111159,10.1.0.1,14600,10.1.0.2,19100,3,0.0-61.0,19531890,2560800,0.051,3,13290,0.023,0
20191031111159,10.1.0.2,19152,10.1.0.1,14652,3,0.0-51.1,732060,114687
20191031111159,10.1.0.1,14652,10.1.0.2,19152,3,0.0-51.0,732060,114732,0.107,0,498,0.000,0
20191031111159,10.1.0.2,19136,10.1.0.1,14636,3,0.0-54.0,7045710,1044478
20191031111159,10.1.0.2,19244,10.1.0.1,14744,3,0.0-30.9,3010560,778238
20191031111159,10.1.0.1,14636,10.1.0.2,19136,3,0.0-53.9,7044240,1044639,0.072,1,4793,0.021,0
20191031111159,10.1.0.1,14744,10.1.0.2,19244,3,0.0-30.9,3007620,778240,0.099,2,2048,0.098,0
20191031111200,10.1.0.2,19074,10.1.0.1,14574,3,0.0-68.3,3157560,369663
20191031111200,10.1.0.1,14574,10.1.0.2,19074,3,0.0-68.3,3157560,369792,0.079,0,2148,0.000,0
20191031111200,10.1.0.2,19316,10.1.0.1,14816,3,0.0-14.3,2828280,1582070
20191031111200,10.1.0.1,14816,10.1.0.2,19316,3,0.0-14.3,2823870,1582220,0.094,3,1924,0.156,0
20191031111200,10.1.0.2,18956,10.1.0.1,14456,3,0.0-97.8,726180,59391
20191031111200,10.1.0.1,14456,10.1.0.2,18956,3,0.0-97.8,726180,59406,0.232,0,494,0.000,0
20191031111200,10.1.0.2,19050,10.1.0.1,14550,3,0.0-76.5,12969810,1355775
20191031111200,10.1.0.1,14550,10.1.0.2,19050,3,0.0-76.5,12965400,1355809,0.612,3,8823,0.034,0
20191031111201,10.1.0.2,19029,10.1.0.1,14529,3,0.0-83.0,122010,11759
20191031111201,10.1.0.1,14529,10.1.0.2,19029,3,0.0-82.0,120540,11759,62.628,1,83,1.205,0
20191031111201,10.1.0.2,19280,10.1.0.1,14780,3,0.0-25.0,620340,198655
20191031111201,10.1.0.2,19144,10.1.0.1,14644,3,0.0-54.0,10429650,1546239
20191031111201,10.1.0.1,14644,10.1.0.2,19144,3,0.0-53.9,10422300,1546369,0.271,5,7095,0.070,0
20191031111201,10.1.0.2,19207,10.1.0.1,14707,3,0.0-39.4,1170120,237567
20191031111201,10.1.0.1,14707,10.1.0.2,19207,3,0.0-39.4,1170120,237643,0.132,0,796,0.000,0
20191031111201,10.1.0.1,14780,10.1.0.2,19280,3,0.0-25.0,620340,198782,0.114,0,422,0.000,0
20191031111201,10.1.0.2,18960,10.1.0.1,14460,3,0.0-97.7,2425500,198655
20191031111201,10.1.0.1,14460,10.1.0.2,18960,3,0.0-97.6,2425500,198749,0.097,0,1650,0.000,0
20191031111201,10.1.0.2,19334,10.1.0.1,14834,3,0.0-11.3,2069760,1461240
20191031111201,10.1.0.1,14834,10.1.0.2,19334,3,0.0-11.3,2066820,1460553,0.055,2,1408,0.142,0
20191031111202,10.1.0.2,19096,10.1.0.1,14596,3,0.0-64.5,643860,79871
20191031111202,10.1.0.1,14596,10.1.0.2,19096,3,0.0-64.5,643860,79912,0.721,0,438,0.000,0
20191031111202,10.1.0.2,19153,10.1.0.1,14653,3,0.0-54.0,2832690,419839
20191031111202,10.1.0.1,14653,10.1.0.2,19153,3,0.0-54.0,2832690,419863,0.089,0,1927,0.000,0
20191031111202,10.1.0.2,19289,10.1.0.1,14789,3,0.0-24.8,1475880,475134
20191031111202,10.1.0.1,14789,10.1.0.2,19289,3,0.0-24.8,1475880,475378,0.083,0,1004,0.000,0
20191031111203,10.1.0.2,19324,10.1.0.1,14824,3,0.0-14.4,374850,207871
20191031111203,10.1.0.1,14824,10.1.0.2,19324,3,0.0-14.4,374850,208368,0.165,0,255,0.000,0
20191031111203,10.1.0.2,18978,10.1.0.1,14478,3,0.0-96.5,5099430,422911
20191031111203,10.1.0.2,19321,10.1.0.1,14821,3,0.0-15.4,1067220,556030
20191031111203,10.1.0.1,14478,10.1.0.2,18978,3,0.0-96.5,5099430,422923,0.241,0,3469,0.000,0
20191031111203,10.1.0.1,14821,10.1.0.2,19321,3,0.0-15.3,1067220,556222,0.171,0,726,0.000,0
20191031111203,10.1.0.2,19000,10.1.0.1,14500,3,0.0-92.7,961380,82943
20191031111203,10.1.0.2,19138,10.1.0.1,14638,3,0.0-57.8,3873450,536575
20191031111203,10.1.0.1,14500,10.1.0.2,19000,3,0.0-92.6,959910,82943,0.257,1,654,0.153,0
20191031111203,10.1.0.2,18966,10.1.0.1,14466,3,0.0-98.6,18139800,1471485
20191031111204,10.1.0.1,14466,10.1.0.2,18966,3,0.0-98.6,18136860,1471356,0.075,2,12340,0.016,0
20191031111204,10.1.0.2,19193,10.1.0.1,14693,3,0.0-45.2,1991850,352255
20191031111204,10.1.0.1,14693,10.1.0.2,19193,3,0.0-45.2,1991850,352351,0.150,0,1355,0.000,0
20191031111204,10.1.0.1,14638,10.1.0.2,19138,3,0.0-57.7,3873450,536709,0.077,0,2635,0.000,0
20191031111204,10.1.0.2,19217,10.1.0.1,14717,3,0.0-40.5,12611130,2489340
20191031111204,10.1.0.1,14717,10.1.0.2,19217,3,0.0-40.5,12603780,2489338,0.064,5,8579,0.058,0
20191031111204,10.1.0.2,19263,10.1.0.1,14763,3,0.0-31.5,3763200,955391
20191031111204,10.1.0.2,19329,10.1.0.1,14829,3,0.0-15.0,22050,11759
20191031111204,10.1.0.1,14763,10.1.0.2,19263,3,0.0-31.5,3758790,955315,0.076,3,2560,0.117,0
20191031111204,10.1.0.1,14829,10.1.0.2,19329,3,0.0-15.0,22050,11792,62.854,0,15,0.000,0
20191031111205,10.1.0.2,19026,10.1.0.1,14526,3,0.0-87.4,3041430,278527
20191031111205,10.1.0.1,14526,10.1.0.2,19026,3,0.0-87.3,3041430,278586,0.098,0,2069,0.000,0
20191031111205,10.1.0.2,19249,10.1.0.1,14749,3,0.0-35.9,12861030,2863097
20191031111205,10.1.0.1,14749,10.1.0.2,19249,3,0.0-35.9,12846330,2862945,0.081,10,8749,0.114,0
20191031111205,10.1.0.2,19253,10.1.0.1,14753,3,0.0-35.1,6273960,1431549
20191031111205,10.1.0.1,14753,10.1.0.2,19253,3,0.0-35.0,6269550,1431183,0.076,3,4268,0.070,0
20191031111205,10.1.0.2,19093,10.1.0.1,14593,3,0.0-68.9,2732730,317439
20191031111205,10.1.0.1,14593,10.1.0.2,19093,3,0.0-68.9,2732730,317451,0.093,0,1859,0.000,0
20191031111206,10.1.0.2,18975,10.1.0.1,14475,3,0.0-99.6,19762680,1587199
20191031111206,10.1.0.2,18998,10.1.0.1,14498,3,0.0-95.5,24268230,2033663
20191031111206,10.1.0.1,14475,10.1.0.2,18975,3,0.0-99.6,19758270,1587160,0.060,3,13444,0.022,0
20191031111206,10.1.0.1,14498,10.1.0.2,18998,3,0.0-95.5,24265290,2033545,0.083,2,16509,0.012,0
20191031111206,10.1.0.2,19294,10.1.0.1,14794,3,0.0-26.9,1715490,509950
20191031111206,10.1.0.1,14794,10.1.0.2,19294,3,0.0-26.9,1712550,509958,0.070,2,1167,0.171,0
20191031111206,10.1.0.2,19308,10.1.0.1,14808,3,0.0-22.7,2030070,715774
20191031111206,10.1.0.1,14808,10.1.0.2,19308,3,0.0-22.7,2027130,715786,0.058,2,1381,0.145,0
20191031111207,10.1.0.2,18989,10.1.0.1,14489,3,0.0-98.1,36572130,2982910
20191031111207,10.1.0.1,14489,10.1.0.2,18989,3,0.0-98.1,36567720,2982754,0.330,3,24879,0.012,0
20191031111208,10.1.0.2,19291,10.1.0.1,14791,3,0.0-30.0,1180410,314367
20191031111208,10.1.0.2,19156,10.1.0.1,14656,3,0.0-59.1,5828550,788478
20191031111208,10.1.0.2,19216,10.1.0.1,14716,3,0.0-44.6,6041700,1084414
20191031111208,10.1.0.1,14791,10.1.0.2,19291,3,0.0-30.0,1180410,314416,0.082,0,803,0.000,0
20191031111208,10.1.0.1,14716,10.1.0.2,19216,3,0.0-44.6,6040230,1084531,0.082,1,4110,0.024,0
20191031111208,10.1.0.1,14656,10.1.0.2,19156,3,0.0-59.1,5827080,788620,0.119,1,3965,0.025,0
20191031111208,10.1.0.2,19023,10.1.0.1,14523,3,0.0-91.2,4856880,425983
20191031111208,10.1.0.1,14523,10.1.0.2,19023,3,0.0-91.2,4855410,425979,0.070,1,3304,0.030,0
20191031111208,10.1.0.2,19241,10.1.0.1,14741,3,0.0-40.5,9435930,1865724
20191031111208,10.1.0.1,14741,10.1.0.2,19241,3,0.0-40.4,9428580,1865417,0.064,5,6419,0.078,0
20191031111208,10.1.0.2,19114,10.1.0.1,14614,3,0.0-66.7,9779910,1172479
20191031111208,10.1.0.1,14614,10.1.0.2,19114,3,0.0-66.7,9776970,1172592,0.085,2,6653,0.030,0
20191031111209,10.1.0.2,18999,10.1.0.1,14499,3,0.0-98.0,9397710,766975
20191031111209,10.1.0.1,14499,10.1.0.2,18999,3,0.0-98.0,9396240,766968,0.731,1,6393,0.016,0
20191031111209,10.1.0.2,19125,10.1.0.1,14625,3,0.0-65.1,11793810,1448959
20191031111209,10.1.0.1,14625,10.1.0.2,19125,3,0.0-65.1,11792340,1448974,0.186,1,8023,0.012,0
20191031111209,10.1.0.2,19201,10.1.0.1,14701,3,0.0-49.5,2647470,428031
20191031111209,10.1.0.1,14701,10.1.0.2,19201,3,0.0-49.5,2647470,428061,0.376,0,1801,0.000,0
20191031111210,10.1.0.2,19200,10.1.0.1,14700,3,0.0-50.7,15648150,2467831
20191031111210,10.1.0.1,14700,10.1.0.2,19200,3,0.0-50.7,15648150,2467991,0.062,0,10645,0.000,0
20191031111210,10.1.0.2,19360,10.1.0.1,14860,3,0.0-14.4,246960,137215
20191031111210,10.1.0.1,14860,10.1.0.2,19360,3,0.0-14.4,246960,137415,0.085,0,168,0.000,0
20191031111210,10.1.0.2,19198,10.1.0.1,14698,3,0.0-51.5,11765880,1828861
20191031111211,10.1.0.1,14698,10.1.0.2,19198,3,0.0-51.5,11762940,1828670,0.052,2,8004,0.025,0
20191031111211,10.1.0.2,19328,10.1.0.1,14828,3,0.0-21.6,4571700,1694714
20191031111211,10.1.0.1,14828,10.1.0.2,19328,3,0.0-21.6,4568760,1694111,0.416,2,3110,0.064,0
20191031111211,10.1.0.2,19055,10.1.0.1,14555,3,0.0-86.2,3686760,342015
20191031111211,10.1.0.1,14555,10.1.0.2,19055,3,0.0-86.2,3686760,342122,0.547,0,2508,0.000,0
20191031111211,10.1.0.2,19377,10.1.0.1,14877,3,0.0-11.9,129360,87039
20191031111211,10.1.0.2,19235,10.1.0.1,14735,3,0.0-44.0,962850,175103
20191031111211,10.1.0.2,19181,10.1.0.1,14681,3,0.0-54.9,7918890,1153020
20191031111211,10.1.0.2,19097,10.1.0.1,14597,3,0.0-73.7,3181080,345087
20191031111211,10.1.0.1,14877,10.1.0.2,19377,3,0.0-11.8,129360,87428,0.076,0,88,0.000,0
20191031111211,10.1.0.2,19338,10.1.0.1,14838,3,0.0-20.6,977550,378879
20191031111211,10.1.0.1,14681,10.1.0.2,19181,3,0.0-54.9,7917420,1153084,0.074,1,5387,0.019,0
20191031111211,10.1.0.1,14735,10.1.0.2,19235,3,0.0-44.0,962850,175125,0.095,0,655,0.000,0
20191031111211,10.1.0.1,14597,10.1.0.2,19097,3,0.0-73.7,3181080,345135,0.079,0,2164,0.000,0
20191031111212,10.1.0.2,19254,10.1.0.1,14754,3,0.0-41.3,11404260,2208763
20191031111212,10.1.0.1,14838,10.1.0.2,19338,3,0.0-20.6,977550,379102,0.215,0,665,0.000,0
20191031111212,10.1.0.2,19304,10.1.0.1,14804,3,0.0-28.5,3623550,1015805
20191031111212,10.1.0.1,14754,10.1.0.2,19254,3,0.0-41.3,11401320,2208764,0.073,2,7758,0.026,0
20191031111212,10.1.0.1,14804,10.1.0.2,19304,3,0.0-28.5,3620610,1015707,0.089,2,2465,0.081,0
20191031111212,10.1.0.2,19142,10.1.0.1,14642,3,0.0-65.5,812910,99327
20191031111212,10.1.0.1,14642,10.1.0.2,19142,3,0.0-65.5,812910,99336,0.127,0,553,0.000,0
20191031111212,10.1.0.2,19342,10.1.0.1,14842,3,0.0-21.0,5827080,2224121
20191031111212,10.1.0.1,14842,10.1.0.2,19342,3,0.0-20.9,5821200,2224199,0.062,4,3964,0.101,0
20191031111212,10.1.0.2,19092,10.1.0.1,14592,3,0.0-75.9,1136310,119807
20191031111212,10.1.0.1,14592,10.1.0.2,19092,3,0.0-75.9,1136310,119821,0.096,0,773,0.000,0
20191031111212,10.1.0.2,19315,10.1.0.1,14815,3,0.0-26.7,1725780,517119
20191031111212,10.1.0.1,14815,10.1.0.2,19315,3,0.0-26.7,1725780,517453,0.067,0,1174,0.000,0
20191031111213,10.1.0.2,19025,10.1.0.1,14525,3,0.0-95.7,19086480,1595390
20191031111213,10.1.0.1,14525,10.1.0.2,19025,3,0.0-95.7,19083540,1595431,0.531,2,12984,0.015,0
20191031111213,10.1.0.2,19300,10.1.0.1,14800,3,0.0-32.5,3535350,871422
20191031111214,10.1.0.1,14800,10.1.0.2,19300,3,0.0-32.4,3532410,871719,0.105,2,2405,0.083,0
20191031111214,10.1.0.2,19305,10.1.0.1,14805,3,0.0-30.5,7933590,2081789
20191031111214,10.1.0.1,14805,10.1.0.2,19305,3,0.0-30.5,7927710,2081966,0.085,4,5397,0.074,0
20191031111214,10.1.0.2,19386,10.1.0.1,14886,3,0.0-12.6,2279970,1442809
20191031111215,10.1.0.1,14886,10.1.0.2,19386,3,0.0-12.6,2275560,1442781,0.061,3,1551,0.193,0
20191031111215,10.1.0.2,19120,10.1.0.1,14620,3,0.0-71.5,2973810,332799
20191031111215,10.1.0.1,14620,10.1.0.2,19120,3,0.0-71.5,2973810,332813,0.916,0,2023,0.000,0
20191031111215,10.1.0.2,19225,10.1.0.1,14725,3,0.0-49.0,7686630,1255423
20191031111215,10.1.0.1,14725,10.1.0.2,19225,3,0.0-49.0,7680750,1255252,0.221,4,5229,0.076,0
20191031111216,10.1.0.2,19154,10.1.0.1,14654,3,0.0-67.6,4949490,585727
20191031111216,10.1.0.1,14654,10.1.0.2,19154,3,0.0-67.6,4946550,585793,0.129,2,3367,0.059,0
20191031111216,10.1.0.2,19210,10.1.0.1,14710,3,0.0-54.0,4630500,686079
20191031111216,10.1.0.2,19122,10.1.0.1,14622,3,0.0-72.4,2816520,311295
20191031111216,10.1.0.2,19310,10.1.0.1,14810,3,0.0-32.3,86730,21503
20191031111216,10.1.0.1,14710,10.1.0.2,19210,3,0.0-54.0,4627560,686148,0.064,2,3150,0.063,0
20191031111216,10.1.0.2,19401,10.1.0.1,14901,3,0.0-10.2,643860,503804
20191031111216,10.1.0.1,14901,10.1.0.2,19401,3,0.0-10.2,642390,503842,0.082,1,438,0.228,0
20191031111216,10.1.0.1,14622,10.1.0.2,19122,3,0.0-72.4,2816520,311308,0.074,0,1916,0.000,0
20191031111216,10.1.0.1,14810,10.1.0.2,19310,3,0.0-32.2,86730,21526,62.574,0,59,0.000,0
20191031111216,10.1.0.2,19162,10.1.0.1,14662,3,0.0-66.5,8215830,988159
20191031111216,10.1.0.1,14662,10.1.0.2,19162,3,0.0-66.5,8214360,988151,0.104,1,5589,0.018,0
20191031111216,10.1.0.2,19375,10.1.0.1,14875,3,0.0-17.4,1187760,544766
20191031111216,10.1.0.1,14875,10.1.0.2,19375,3,0.0-17.4,1186290,544766,0.079,1,808,0.124,0
20191031111217,10.1.0.2,19211,10.1.0.1,14711,3,0.0-54.8,3769080,549887
20191031111217,10.1.0.1,14711,10.1.0.2,19211,3,0.0-54.8,3769080,549937,0.656,0,2564,0.000,0
20191031111217,10.1.0.2,19042,10.1.0.1,14542,3,0.0-94.2,470400,39935
20191031111217,10.1.0.1,14542,10.1.0.2,19042,3,0.0-94.2,470400,39942,0.072,0,320,0.000,0
20191031111217,10.1.0.2,19251,10.1.0.1,14751,3,0.0-48.3,2656290,440319
20191031111217,10.1.0.1,14751,10.1.0.2,19251,3,0.0-48.3,2656290,440419,0.449,0,1807,0.000,0
20191031111218,10.1.0.2,19339,10.1.0.1,14839,3,0.0-27.0,435120,129023
20191031111218,10.1.0.2,19101,10.1.0.1,14601,3,0.0-79.1,31093440,3143676
20191031111218,10.1.0.1,14839,10.1.0.2,19339,3,0.0-27.0,435120,129044,0.074,0,296,0.000,0
20191031111218,10.1.0.1,14601,10.1.0.2,19101,3,0.0-79.1,31080210,3143640,0.052,9,21152,0.043,0
20191031111218,10.1.0.2,19307,10.1.0.1,14807,3,0.0-34.7,10491390,2421756
20191031111218,10.1.0.1,14807,10.1.0.2,19307,3,0.0-34.6,10488450,2421656,0.090,2,7137,0.028,0
20191031111218,10.1.0.2,19388,10.1.0.1,14888,3,0.0-16.0,23520,11759
20191031111218,10.1.0.1,14888,10.1.0.2,19388,3,0.0-16.0,23520,11787,62.559,0,16,0.000,0
20191031111219,10.1.0.2,19227,10.1.0.1,14727,3,0.0-52.6,16434600,2500604
20191031111219,10.1.0.1,14727,10.1.0.2,19227,3,0.0-52.5,16424310,2500471,0.073,7,11180,0.063,0
20191031111219,10.1.0.2,19327,10.1.0.1,14827,3,0.0-29.7,2368170,636927
20191031111219,10.1.0.1,14827,10.1.0.2,19327,3,0.0-29.7,2368170,637118,0.065,0,1611,0.000,0
20191031111219,10.1.0.2,19052,10.1.0.1,14552,3,0.0-94.9,24770970,2087934
20191031111219,10.1.0.1,14552,10.1.0.2,19052,3,0.0-94.9,24768030,2087987,0.113,2,16851,0.012,0
20191031111220,10.1.0.2,19278,10.1.0.1,14778,3,0.0-44.5,22905540,4117497
20191031111220,10.1.0.1,14778,10.1.0.2,19278,3,0.0-44.5,22889370,4117180,0.090,11,15582,0.071,0
20191031111220,10.1.0.2,19167,10.1.0.1,14667,3,0.0-68.9,17945760,2084860
20191031111220,10.1.0.1,14667,10.1.0.2,19167,3,0.0-68.8,17939880,2084820,0.069,4,12208,0.033,0
20191031111220,10.1.0.2,19262,10.1.0.1,14762,3,0.0-47.4,7990920,1349629
20191031111220,10.1.0.1,14762,10.1.0.2,19262,3,0.0-47.4,7989450,1349647,0.068,1,5436,0.018,0
20191031111220,10.1.0.2,19349,10.1.0.1,14849,3,0.0-27.1,2065350,610302
20191031111220,10.1.0.1,14849,10.1.0.2,19349,3,0.0-27.1,2065350,610417,0.078,0,1405,0.000,0
20191031111220,10.1.0.2,19099,10.1.0.1,14599,3,0.0-82.2,473340,46079
20191031111220,10.1.0.1,14599,10.1.0.2,19099,3,0.0-82.1,473340,46103,0.106,0,322,0.000,0
20191031111221,10.1.0.2,19256,10.1.0.1,14756,3,0.0-50.1,1140720,182271
20191031111221,10.1.0.1,14756,10.1.0.2,19256,3,0.0-50.0,1139250,182272,0.122,1,776,0.129,0
20191031111221,10.1.0.2,19317,10.1.0.1,14817,3,0.0-34.6,473340,109567
20191031111221,10.1.0.1,14817,10.1.0.2,19317,3,0.0-34.3,470400,109568,0.304,2,322,0.621,0
20191031111221,10.1.0.2,19098,10.1.0.1,14598,3,0.0-83.4,5563950,533503
20191031111221,10.1.0.2,19268,10.1.0.1,14768,3,0.0-47.8,11179350,1872892
20191031111221,10.1.0.1,14598,10.1.0.2,19098,3,0.0-83.4,5563950,533545,0.423,0,3785,0.000,0
20191031111221,10.1.0.2,19110,10.1.0.1,14610,3,0.0-80.8,279300,27647
20191031111221,10.1.0.1,14610,10.1.0.2,19110,3,0.0-80.4,277830,27647,0.082,1,190,0.526,0
20191031111221,10.1.0.1,14768,10.1.0.2,19268,3,0.0-47.7,11174940,1872951,0.127,3,7605,0.039,0
20191031111222,10.1.0.2,19355,10.1.0.1,14855,3,0.0-27.0,799680,236543
20191031111222,10.1.0.1,14855,10.1.0.2,19355,3,0.0-27.0,799680,236721,0.329,0,544,0.000,0
20191031111222,10.1.0.2,19380,10.1.0.1,14880,3,0.0-21.8,5193510,1901560
20191031111222,10.1.0.1,14880,10.1.0.2,19380,3,0.0-21.8,5190570,1901899,0.068,2,3533,0.057,0
20191031111222,10.1.0.2,19189,10.1.0.1,14689,3,0.0-64.2,1290660,160767
20191031111222,10.1.0.2,19257,10.1.0.1,14757,3,0.0-51.1,2359350,369663
20191031111222,10.1.0.1,14757,10.1.0.2,19257,3,0.0-51.0,2359350,369737,0.115,0,1605,0.000,0
20191031111222,10.1.0.1,14689,10.1.0.2,19189,3,0.0-64.2,1290660,160794,0.096,0,878,0.000,0
20191031111222,10.1.0.2,19370,10.1.0.1,14870,3,0.0-24.4,3060540,1002492
20191031111222,10.1.0.2,19069,10.1.0.1,14569,3,0.0-92.9,7655760,659455
20191031111222,10.1.0.1,14870,10.1.0.2,19370,3,0.0-24.4,3060540,1002849,0.071,0,2082,0.000,0
20191031111222,10.1.0.1,14569,10.1.0.2,19069,3,0.0-92.9,7654290,659463,0.075,1,5208,0.019,0
20191031111222,10.1.0.2,19258,10.1.0.1,14758,3,0.0-51.2,19905270,3109883
20191031111222,10.1.0.2,19427,10.1.0.1,14927,3,0.0-8.8,358680,324606
20191031111222,10.1.0.1,14758,10.1.0.2,19258,3,0.0-51.2,19902330,3109947,0.056,2,13541,0.015,0
20191031111222,10.1.0.1,14927,10.1.0.2,19427,3,0.0-8.8,357210,325005,0.085,1,244,0.410,0
20191031111223,10.1.0.2,19105,10.1.0.1,14605,3,0.0-83.6,10372320,992255
20191031111223,10.1.0.1,14605,10.1.0.2,19105,3,0.0-83.6,10370850,992247,0.195,1,7056,0.014,0
20191031111223,10.1.0.2,19151,10.1.0.1,14651,3,0.0-75.6,2785650,294911
20191031111223,10.1.0.1,14651,10.1.0.2,19151,3,0.0-75.5,2784180,294910,0.106,1,1895,0.053,0
20191031111223,10.1.0.2,19252,10.1.0.1,14752,3,0.0-53.2,1314180,197631
20191031111223,10.1.0.1,14752,10.1.0.2,19252,3,0.0-53.2,1314180,197772,0.517,0,894,0.000,0
20191031111223,10.1.0.2,19284,10.1.0.1,14784,3,0.0-46.4,19650960,3391482
20191031111223,10.1.0.1,14784,10.1.0.2,19284,3,0.0-46.3,19648020,3391589,0.049,2,13368,0.015,0
20191031111223,10.1.0.2,19439,10.1.0.1,14939,3,0.0-8.0,445410,446461
20191031111223,10.1.0.1,14939,10.1.0.2,19439,3,0.0-8.0,445410,447232,0.281,0,303,0.000,0
20191031111224,10.1.0.2,19359,10.1.0.1,14859,3,0.0-28.2,2476950,703486
20191031111224,10.1.0.1,14859,10.1.0.2,19359,3,0.0-28.2,2476950,703799,0.063,0,1685,0.000,0
20191031111224,10.1.0.2,19319,10.1.0.1,14819,3,0.0-37.0,1320060,285695
20191031111224,10.1.0.1,14819,10.1.0.2,19319,3,0.0-36.9,1320060,285828,0.079,0,898,0.000,0
20191031111224,10.1.0.2,19337,10.1.0.1,14837,3,0.0-33.5,24740100,5907441
20191031111224,10.1.0.1,14837,10.1.0.2,19337,3,0.0-33.5,24735690,5907389,0.081,3,16830,0.018,0
20191031111224,10.1.0.2,19150,10.1.0.1,14650,3,0.0-77.0,18745440,1946622
20191031111224,10.1.0.1,14650,10.1.0.2,19150,3,0.0-77.0,18742500,1946601,0.074,2,12752,0.016,0
20191031111224,10.1.0.2,19155,10.1.0.1,14655,3,0.0-75.9,3738210,394239
20191031111225,10.1.0.1,14655,10.1.0.2,19155,3,0.0-75.8,3738210,394317,0.094,0,2543,0.000,0
20191031111225,10.1.0.2,19325,10.1.0.1,14825,3,0.0-37.3,3295740,707583
20191031111225,10.1.0.1,14825,10.1.0.2,19325,3,0.0-37.2,3291330,707573,0.167,3,2242,0.134,0
20191031111225,10.1.0.2,19171,10.1.0.1,14671,3,0.0-73.7,6982500,757759
20191031111226,10.1.0.1,14671,10.1.0.2,19171,3,0.0-73.7,6979560,757765,0.096,2,4750,0.042,0
20191031111226,10.1.0.2,19062,10.1.0.1,14562,3,0.0-99.0,3217830,260095
20191031111226,10.1.0.2,19299,10.1.0.1,14799,3,0.0-45.7,2277030,398335
20191031111226,10.1.0.1,14562,10.1.0.2,19062,3,0.0-99.0,3217830,260134,0.111,0,2189,0.000,0
20191031111226,10.1.0.1,14799,10.1.0.2,19299,3,0.0-45.7,2275560,398477,0.118,1,1549,0.065,0
20191031111226,10.1.0.2,19303,10.1.0.1,14803,3,0.0-44.8,114660,20479
20191031111226,10.1.0.1,14803,10.1.0.2,19303,3,0.0-44.8,114660,20481,0.243,0,78,0.000,0
20191031111227,10.1.0.2,19239,10.1.0.1,14739,3,0.0-59.3,5340510,720895
20191031111227,10.1.0.2,19276,10.1.0.1,14776,3,0.0-52.2,12231870,1872892
20191031111227,10.1.0.1,14739,10.1.0.2,19239,3,0.0-59.3,5340510,721045,0.076,0,3633,0.000,0
20191031111227,10.1.0.1,14776,10.1.0.2,19276,3,0.0-52.2,12231870,1873050,0.067,0,8321,0.000,0
20191031111227,10.1.0.2,19441,10.1.0.1,14941,3,0.0-11.6,4468800,3091435
20191031111227,10.1.0.1,14941,10.1.0.2,19441,3,0.0-11.5,4448220,3091193,0.087,14,3040,0.461,0
20191031111227,10.1.0.2,19412,10.1.0.1,14912,3,0.0-17.7,3951360,1788921
20191031111227,10.1.0.1,14912,10.1.0.2,19412,3,0.0-17.6,3942540,1789121,0.067,6,2688,0.223,0
20191031111227,10.1.0.2,19117,10.1.0.1,14617,3,0.0-84.9,17576790,1656830
20191031111228,10.1.0.1,14617,10.1.0.2,19117,3,0.0-84.9,17573850,1656795,0.056,2,11957,0.017,0
20191031111228,10.1.0.2,19160,10.1.0.1,14660,3,0.0-78.6,4715760,480255
20191031111228,10.1.0.2,19224,10.1.0.1,14724,3,0.0-62.4,9632910,1234941
20191031111228,10.1.0.1,14660,10.1.0.2,19160,3,0.0-78.4,4706940,480254,0.115,6,3208,0.187,0
20191031111228,10.1.0.2,19166,10.1.0.1,14666,3,0.0-76.9,11416020,1187839
20191031111228,10.1.0.1,14724,10.1.0.2,19224,3,0.0-62.4,9631440,1235040,0.086,1,6553,0.015,0
20191031111228,10.1.0.1,14666,10.1.0.2,19166,3,0.0-76.8,11410140,1187847,0.072,4,7766,0.052,0
20191031111228,10.1.0.2,19362,10.1.0.1,14862,3,0.0-32.0,4224780,1054718
20191031111228,10.1.0.1,14862,10.1.0.2,19362,3,0.0-32.0,4221840,1054911,0.095,2,2874,0.070,0
20191031111228,10.1.0.2,19159,10.1.0.1,14659,3,0.0-79.4,12749310,1285118
20191031111229,10.1.0.1,14659,10.1.0.2,19159,3,0.0-79.4,12749310,1285218,0.111,0,8673,0.000,0
20191031111229,10.1.0.2,19199,10.1.0.1,14699,3,0.0-69.6,2529870,290815
20191031111229,10.1.0.1,14699,10.1.0.2,19199,3,0.0-69.6,2529870,290931,0.123,0,1721,0.000,0
20191031111229,10.1.0.2,19376,10.1.0.1,14876,3,0.0-29.9,3519180,942077
20191031111229,10.1.0.1,14876,10.1.0.2,19376,3,0.0-29.9,3519180,942090,0.603,0,2394,0.000,0
20191031111229,10.1.0.2,19392,10.1.0.1,14892,3,0.0-25.6,2316720,723965
20191031111229,10.1.0.1,14892,10.1.0.2,19392,3,0.0-25.6,2316720,724412,0.672,0,1576,0.000,0
20191031111229,10.1.0.2,19109,10.1.0.1,14609,3,0.0-88.7,13948830,1257471
20191031111229,10.1.0.1,14609,10.1.0.2,19109,3,0.0-88.7,13942950,1257543,0.131,4,9489,0.042,0
20191031111229,10.1.0.2,19353,10.1.0.1,14853,3,0.0-35.4,430710,97279
20191031111229,10.1.0.2,19331,10.1.0.1,14831,3,0.0-39.7,1800750,362495
20191031111229,10.1.0.1,14853,10.1.0.2,19353,3,0.0-35.4,430710,97321,0.105,0,293,0.000,0
20191031111229,10.1.0.1,14831,10.1.0.2,19331,3,0.0-39.7,1800750,362537,0.678,0,1225,0.000,0
20191031111230,10.1.0.2,19322,10.1.0.1,14822,3,0.0-41.8,4092480,782334
20191031111230,10.1.0.1,14822,10.1.0.2,19322,3,0.0-41.8,4092480,782469,0.093,0,2784,0.000,0
20191031111230,10.1.0.2,19185,10.1.0.1,14685,3,0.0-73.0,12036360,1319933
20191031111230,10.1.0.1,14685,10.1.0.2,19185,3,0.0-72.9,12034890,1319947,0.082,1,8188,0.012,0
20191031111230,10.1.0.2,19202,10.1.0.1,14702,3,0.0-69.9,9052260,1036286
20191031111230,10.1.0.1,14702,10.1.0.2,19202,3,0.0-69.9,9052260,1036351,0.096,0,6158,0.000,0
20191031111230,10.1.0.2,19091,10.1.0.1,14591,3,0.0-93.7,2169720,185343
20191031111230,10.1.0.1,14591,10.1.0.2,19091,3,0.0-93.6,2169720,185373,0.121,0,1476,0.000,0
20191031111230,10.1.0.2,19134,10.1.0.1,14634,3,0.0-85.1,19953780,1874943
20191031111230,10.1.0.1,14634,10.1.0.2,19134,3,0.0-85.1,19946430,1874748,0.087,5,13574,0.037,0
20191031111230,10.1.0.2,19420,10.1.0.1,14920,3,0.0-18.1,3895500,1718262
20191031111230,10.1.0.1,14920,10.1.0.2,19420,3,0.0-18.1,3895500,1718748,0.090,0,2650,0.000,0
20191031111231,10.1.0.2,19451,10.1.0.1,14951,3,0.0-11.4,1095150,767997
20191031111231,10.1.0.1,14951,10.1.0.2,19451,3,0.0-11.4,1093680,768419,0.067,1,745,0.134,0
20191031111231,10.1.0.2,19191,10.1.0.1,14691,3,0.0-72.7,4083660,449535
20191031111231,10.1.0.1,14691,10.1.0.2,19191,3,0.0-72.6,4082190,449577,0.286,1,2778,0.036,0
20191031111231,10.1.0.2,19425,10.1.0.1,14925,3,0.0-18.2,2429910,1068029
20191031111231,10.1.0.1,14925,10.1.0.2,19425,3,0.0-18.2,2428440,1068079,0.328,1,1653,0.060,0
20191031111231,10.1.0.2,19190,10.1.0.1,14690,3,0.0-73.1,20144880,2204671
20191031111231,10.1.0.1,14690,10.1.0.2,19190,3,0.0-73.1,20140470,2204607,0.084,3,13704,0.022,0
20191031111231,10.1.0.2,19121,10.1.0.1,14621,3,0.0-87.9,2644530,240639
20191031111231,10.1.0.2,19183,10.1.0.1,14683,3,0.0-74.8,995190,106495
20191031111231,10.1.0.1,14621,10.1.0.2,19121,3,0.0-87.9,2644530,240645,0.075,0,1799,0.000,0
20191031111232,10.1.0.1,14683,10.1.0.2,19183,3,0.0-74.7,995190,106517,0.108,0,677,0.000,0
20191031111232,10.1.0.2,19073,10.1.0.1,14573,3,0.0-100.0,5030340,402431
20191031111232,10.1.0.1,14573,10.1.0.2,19073,3,0.0-100.0,5030340,402450,0.313,0,3422,0.000,0
20191031111232,10.1.0.2,19269,10.1.0.1,14769,3,0.0-58.2,5165580,710654
20191031111232,10.1.0.1,14769,10.1.0.2,19269,3,0.0-58.1,5164110,710777,0.129,1,3514,0.028,0
20191031111232,10.1.0.2,19332,10.1.0.1,14832,3,0.0-42.2,3735270,708607
20191031111232,10.1.0.1,14832,10.1.0.2,19332,3,0.0-42.2,3735270,708744,0.094,0,2541,0.000,0
20191031111232,10.1.0.2,19260,10.1.0.1,14760,3,0.0-59.8,5308170,709631
20191031111232,10.1.0.1,14760,10.1.0.2,19260,3,0.0-59.8,5303760,709593,0.087,3,3611,0.083,0
20191031111233,10.1.0.2,19404,10.1.0.1,14904,3,0.0-26.3,573300,174079
20191031111233,10.1.0.1,14904,10.1.0.2,19404,3,0.0-26.3,573300,174143,0.072,0,390,0.000,0
20191031111233,10.1.0.2,19188,10.1.0.1,14688,3,0.0-75.6,7619010,805887
20191031111233,10.1.0.1,14688,10.1.0.2,19188,3,0.0-75.6,7614600,805932,0.916,3,5183,0.058,0
20191031111233,10.1.0.2,19479,10.1.0.1,14979,3,0.0-5.7,1128960,1575924
20191031111233,10.1.0.1,14979,10.1.0.2,19479,3,0.0-5.7,1120140,1577053,0.255,6,768,0.781,0
20191031111233,10.1.0.2,19393,10.1.0.1,14893,3,0.0-30.0,138180,36863
20191031111233,10.1.0.1,14893,10.1.0.2,19393,3,0.0-29.7,136710,36864,0.140,1,94,1.064,0
20191031111233,10.1.0.2,19094,10.1.0.1,14594,3,0.0-96.6,11305770,935935
20191031111233,10.1.0.1,14594,10.1.0.2,19094,3,0.0-96.6,11304300,935910,0.090,1,7691,0.013,0
20191031111234,10.1.0.2,19311,10.1.0.1,14811,3,0.0-49.4,6756120,1094654
20191031111234,10.1.0.1,14811,10.1.0.2,19311,3,0.0-49.4,6754650,1094521,0.066,1,4596,0.022,0
20191031111234,10.1.0.2,19368,10.1.0.1,14868,3,0.0-36.7,10545780,2297853
20191031111234,10.1.0.2,19175,10.1.0.1,14675,3,0.0-80.2,7495530,747519
20191031111234,10.1.0.1,14675,10.1.0.2,19175,3,0.0-80.2,7495530,747607,0.061,0,5099,0.000,0
20191031111234,10.1.0.2,19135,10.1.0.1,14635,3,0.0-88.7,12277440,1106943
20191031111234,10.1.0.1,14635,10.1.0.2,19135,3,0.0-88.7,12274500,1106934,0.098,2,8352,0.024,0
20191031111234,10.1.0.1,14868,10.1.0.2,19368,3,0.0-36.7,10544310,2297971,0.070,1,7174,0.014,0
20191031111234,10.1.0.2,19168,10.1.0.1,14668,3,0.0-83.3,16000950,1537023
20191031111234,10.1.0.1,14668,10.1.0.2,19168,3,0.0-83.3,15999480,1536993,0.069,1,10885,0.009,0
20191031111235,10.1.0.2,19173,10.1.0.1,14673,3,0.0-81.9,2756250,269311
20191031111235,10.1.0.2,19195,10.1.0.1,14695,3,0.0-76.5,4061610,424959
20191031111235,10.1.0.1,14673,10.1.0.2,19173,3,0.0-81.9,2756250,269375,0.069,0,1875,0.000,0
20191031111235,10.1.0.2,19212,10.1.0.1,14712,3,0.0-73.1,9819600,1074175
20191031111235,10.1.0.1,14712,10.1.0.2,19212,3,0.0-73.1,9816660,1074218,0.449,2,6680,0.030,0
20191031111235,10.1.0.1,14695,10.1.0.2,19195,3,0.0-76.5,4061610,425006,0.086,0,2763,0.000,0
20191031111235,10.1.0.2,19477,10.1.0.1,14977,3,0.0-8.2,385140,374781
20191031111235,10.1.0.1,14977,10.1.0.2,19477,3,0.0-8.2,385140,375141,0.735,0,262,0.000,0
20191031111236,10.1.0.2,19346,10.1.0.1,14846,3,0.0-43.5,211680,38911
20191031111236,10.1.0.1,14846,10.1.0.2,19346,3,0.0-43.5,211680,38924,62.580,0,144,0.000,0
20191031111236,10.1.0.2,19330,10.1.0.1,14830,3,0.0-46.7,5660970,970750
20191031111236,10.1.0.1,14830,10.1.0.2,19330,3,0.0-46.6,5658030,970761,0.060,2,3851,0.052,0
20191031111236,10.1.0.2,19213,10.1.0.1,14713,3,0.0-74.2,19664190,2120702
20191031111236,10.1.0.2,19112,10.1.0.1,14612,3,0.0-95.3,14078190,1181694
20191031111236,10.1.0.1,14612,10.1.0.2,19112,3,0.0-95.3,14078190,1181731,0.083,0,9577,0.000,0
20191031111237,10.1.0.1,14713,10.1.0.2,19213,3,0.0-74.1,19653900,2120758,0.064,7,13377,0.052,0
20191031111237,10.1.0.2,19340,10.1.0.1,14840,3,0.0-45.8,2760660,482303
20191031111237,10.1.0.1,14840,10.1.0.2,19340,3,0.0-45.7,2757720,482282,0.064,2,1878,0.106,0
20191031111237,10.1.0.2,19178,10.1.0.1,14678,3,0.0-82.2,27421380,2668541
20191031111237,10.1.0.1,14678,10.1.0.2,19178,3,0.0-82.2,27405210,2668367,1.097,11,18654,0.059,0
20191031111237,10.1.0.2,19361,10.1.0.1,14861,3,0.0-40.9,8627430,1685501
20191031111237,10.1.0.1,14861,10.1.0.2,19361,3,0.0-40.9,8620080,1685284,0.309,5,5869,0.085,0
20191031111238,10.1.0.2,19379,10.1.0.1,14879,3,0.0-37.9,645330,136191
20191031111238,10.1.0.1,14879,10.1.0.2,19379,3,0.0-37.9,645330,136217,62.574,0,439,0.000,0
20191031111238,10.1.0.2,19230,10.1.0.1,14730,3,0.0-71.0,3977820,448511
20191031111238,10.1.0.1,14730,10.1.0.2,19230,3,0.0-70.9,3977820,448551,0.098,0,2706,0.000,0
20191031111238,10.1.0.2,19372,10.1.0.1,14872,3,0.0-39.9,790860,158719
20191031111238,10.1.0.1,14872,10.1.0.2,19372,3,0.0-39.8,790860,158816,0.115,0,538,0.000,0
20191031111238,10.1.0.2,19371,10.1.0.1,14871,3,0.0-40.3,4239480,841725
20191031111238,10.1.0.1,14871,10.1.0.2,19371,3,0.0-40.3,4236540,841821,0.091,2,2884,0.069,0
20191031111238,10.1.0.2,19446,10.1.0.1,14946,3,0.0-21.2,1765470,665598
20191031111238,10.1.0.1,14946,10.1.0.2,19446,3,0.0-21.2,1765470,665943,0.069,0,1201,0.000,0
20191031111239,10.1.0.2,19204,10.1.0.1,14704,3,0.0-78.1,12787530,1309695
20191031111239,10.1.0.1,14704,10.1.0.2,19204,3,0.0-78.1,12780180,1309678,0.103,5,8699,0.057,0
20191031111239,10.1.0.2,19206,10.1.0.1,14706,3,0.0-78.2,23468550,2401277
20191031111240,10.1.0.1,14706,10.1.0.2,19206,3,0.0-78.1,23456790,2401326,0.096,8,15965,0.050,0
20191031111240,10.1.0.2,19247,10.1.0.1,14747,3,0.0-71.5,1921290,215039
20191031111240,10.1.0.1,14747,10.1.0.2,19247,3,0.0-71.4,1919820,215037,0.215,1,1307,0.077,0
20191031111240,10.1.0.2,19265,10.1.0.1,14765,3,0.0-67.2,12199530,1452031
20191031111240,10.1.0.2,19442,10.1.0.1,14942,3,0.0-24.0,7902720,2637815
20191031111240,10.1.0.1,14942,10.1.0.2,19442,3,0.0-23.9,7895370,2637880,0.078,5,5376,0.093,0
20191031111240,10.1.0.1,14765,10.1.0.2,19265,3,0.0-67.2,12196590,1452078,0.092,2,8299,0.024,0
20191031111240,10.1.0.2,19406,10.1.0.1,14906,3,0.0-33.2,1774290,428030
20191031111240,10.1.0.1,14906,10.1.0.2,19406,3,0.0-33.1,1772820,428152,0.086,1,1207,0.083,0
20191031111241,10.1.0.2,19146,10.1.0.1,14646,3,0.0-94.3,7107450,603135
20191031111241,10.1.0.1,14646,10.1.0.2,19146,3,0.0-94.2,7105980,603183,0.356,1,4835,0.021,0
20191031111241,10.1.0.2,19314,10.1.0.1,14814,3,0.0-56.2,3855810,548863
20191031111241,10.1.0.1,14814,10.1.0.2,19314,3,0.0-56.2,3854340,548915,0.059,1,2623,0.038,0
20191031111241,10.1.0.2,19440,10.1.0.1,14940,3,0.0-26.0,7139790,2195441
20191031111241,10.1.0.1,14940,10.1.0.2,19440,3,0.0-26.0,7136850,2195483,0.069,2,4857,0.041,0
20191031111241,10.1.0.2,19222,10.1.0.1,14722,3,0.0-76.8,16530150,1722367
20191031111241,10.1.0.1,14722,10.1.0.2,19222,3,0.0-76.7,16521330,1722172,0.073,6,11245,0.053,0
20191031111242,10.1.0.2,19149,10.1.0.1,14649,3,0.0-94.4,2910600,246783
20191031111242,10.1.0.1,14649,10.1.0.2,19149,3,0.0-94.3,2910600,246805,0.103,0,1980,0.000,0
20191031111242,10.1.0.2,19233,10.1.0.1,14733,3,0.0-75.0,3638250,388095
20191031111242,10.1.0.1,14733,10.1.0.2,19233,3,0.0-75.0,3638250,388213,0.157,0,2475,0.000,0
20191031111242,10.1.0.2,19501,10.1.0.1,15001,3,0.0-8.1,564480,555001
20191031111242,10.1.0.1,15001,10.1.0.2,19501,3,0.0-8.1,564480,556294,0.101,0,384,0.000,0
20191031111242,10.1.0.2,19223,10.1.0.1,14723,3,0.0-77.3,3551520,367615
20191031111242,10.1.0.1,14723,10.1.0.2,19223,3,0.0-77.2,3550050,367671,0.146,1,2416,0.041,0
20191031111242,10.1.0.2,19365,10.1.0.1,14865,3,0.0-46.1,9466800,1644541
20191031111243,10.1.0.2,19367,10.1.0.1,14867,3,0.0-45.6,3089940,541694
20191031111243,10.1.0.1,14865,10.1.0.2,19365,3,0.0-46.0,9459450,1644482,0.060,5,6440,0.078,0
20191031111243,10.1.0.1,14867,10.1.0.2,19367,3,0.0-45.6,3085530,541695,0.092,3,2102,0.143,0
20191031111243,10.1.0.2,19180,10.1.0.1,14680,3,0.0-87.6,20813730,1900542
20191031111243,10.1.0.1,14680,10.1.0.2,19180,3,0.0-87.6,20812260,1900580,0.140,1,14159,0.007,0
20191031111243,10.1.0.2,19163,10.1.0.1,14663,3,0.0-93.4,6542970,560127
20191031111243,10.1.0.2,19255,10.1.0.1,14755,3,0.0-73.0,30204090,3311612
20191031111243,10.1.0.1,14755,10.1.0.2,19255,3,0.0-73.0,30201150,3311546,0.076,2,20547,0.010,0
20191031111244,10.1.0.1,14663,10.1.0.2,19163,3,0.0-93.4,6542970,560175,0.140,0,4451,0.000,0
20191031111244,10.1.0.2,19505,10.1.0.1,15005,3,0.0-9.0,348390,310270
20191031111244,10.1.0.1,15005,10.1.0.2,19505,3,0.0-9.0,348390,310413,0.098,0,237,0.000,0
20191031111244,10.1.0.2,19129,10.1.0.1,14629,3,0.0-99.8,17532690,1404926
20191031111244,10.1.0.1,14629,10.1.0.2,19129,3,0.0-99.8,17531220,1404933,0.082,1,11927,0.008,0
20191031111244,10.1.0.2,19419,10.1.0.1,14919,3,0.0-32.4,3942540,972798
20191031111244,10.1.0.1,14919,10.1.0.2,19419,3,0.0-32.4,3938130,972968,0.079,3,2682,0.112,0
20191031111244,10.1.0.2,19421,10.1.0.1,14921,3,0.0-32.0,7022190,1757182
20191031111244,10.1.0.2,19318,10.1.0.1,14818,3,0.0-57.5,1780170,247807
20191031111244,10.1.0.1,14818,10.1.0.2,19318,3,0.0-57.4,1780170,247903,0.156,0,1211,0.000,0
20191031111245,10.1.0.1,14921,10.1.0.2,19421,3,0.0-32.0,7019250,1757193,0.083,2,4777,0.042,0
20191031111245,10.1.0.2,19502,10.1.0.1,15002,3,0.0-10.3,1880130,1457145
20191031111245,10.1.0.1,15002,10.1.0.2,19502,3,0.0-10.3,1875720,1457814,0.068,3,1279,0.235,0
20191031111245,10.1.0.2,19161,10.1.0.1,14661,3,0.0-95.7,10373790,867327
20191031111245,10.1.0.1,14661,10.1.0.2,19161,3,0.0-95.7,10372320,867423,0.490,1,7057,0.014,0
20191031111245,10.1.0.2,19176,10.1.0.1,14676,3,0.0-91.4,8071770,706559
20191031111245,10.1.0.1,14676,10.1.0.2,19176,3,0.0-91.4,8071770,706593,0.243,0,5491,0.000,0
20191031111245,10.1.0.2,19186,10.1.0.1,14686,3,0.0-88.5,837900,75775
20191031111245,10.1.0.1,14686,10.1.0.2,19186,3,0.0-88.4,837900,75809,0.090,0,570,0.000,0
20191031111246,10.1.0.2,19343,10.1.0.1,14843,3,0.0-54.2,443940,65535
20191031111246,10.1.0.1,14843,10.1.0.2,19343,3,0.0-54.2,443940,65543,62.742,0,302,0.000,0
20191031111246,10.1.0.2,19356,10.1.0.1,14856,3,0.0-50.4,37790760,6000633
20191031111246,10.1.0.1,14856,10.1.0.2,19356,3,0.0-50.4,37779000,6000274,0.084,8,25708,0.031,0
20191031111247,10.1.0.2,19490,10.1.0.1,14990,3,0.0-16.4,9435930,4610032
20191031111247,10.1.0.1,14990,10.1.0.2,19490,3,0.0-16.4,9431520,4609905,0.065,3,6419,0.047,0
20191031111247,10.1.0.2,19497,10.1.0.1,14997,3,0.0-14.4,493920,274431
20191031111247,10.1.0.2,19487,10.1.0.1,14987,3,0.0-16.8,2571030,1227772
20191031111247,10.1.0.1,14997,10.1.0.2,19497,3,0.0-14.4,493920,274823,0.059,0,336,0.000,0
20191031111247,10.1.0.1,14987,10.1.0.2,19487,3,0.0-16.7,2571030,1228073,0.059,0,1749,0.000,0
20191031111247,10.1.0.2,19526,10.1.0.1,15026,3,0.0-6.6,637980,772087
20191031111247,10.1.0.1,15026,10.1.0.2,19526,3,0.0-6.6,636510,772125,0.630,1,434,0.230,0
20191031111247,10.1.0.2,19417,10.1.0.1,14917,3,0.0-36.5,10952970,2402299
20191031111248,10.1.0.1,14917,10.1.0.2,19417,3,0.0-36.5,10948560,2402610,0.107,3,7451,0.040,0
20191031111248,10.1.0.2,19292,10.1.0.1,14792,3,0.0-69.6,151410,17407
20191031111248,10.1.0.1,14792,10.1.0.2,19292,3,0.0-68.9,149940,17407,62.598,1,103,0.971,0
20191031111248,10.1.0.2,19348,10.1.0.1,14848,3,0.0-55.7,1862490,267263
20191031111248,10.1.0.1,14848,10.1.0.2,19348,3,0.0-55.7,1862490,267334,0.240,0,1267,0.000,0
20191031111248,10.1.0.2,19197,10.1.0.1,14697,3,0.0-89.5,17722320,1584126
20191031111249,10.1.0.1,14697,10.1.0.2,19197,3,0.0-89.5,17720850,1584123,0.087,1,12056,0.008,0
20191031111249,10.1.0.2,19219,10.1.0.1,14719,3,0.0-84.8,14526540,1371135
20191031111249,10.1.0.2,19465,10.1.0.1,14965,3,0.0-24.7,1289190,416767
20191031111249,10.1.0.1,14719,10.1.0.2,19219,3,0.0-84.7,14523600,1371199,0.072,2,9882,0.020,0
20191031111249,10.1.0.1,14965,10.1.0.2,19465,3,0.0-24.7,1289190,417103,0.066,0,877,0.000,0
20191031111249,10.1.0.2,19430,10.1.0.1,14930,3,0.0-35.3,11188170,2532346
20191031111249,10.1.0.1,14930,10.1.0.2,19430,3,0.0-35.3,11183760,2532335,0.095,3,7611,0.039,0
20191031111250,10.1.0.2,19293,10.1.0.1,14793,3,0.0-70.4,1261260,143359
20191031111250,10.1.0.1,14793,10.1.0.2,19293,3,0.0-70.4,1261260,143368,63.219,0,858,0.000,0
20191031111250,10.1.0.2,19172,10.1.0.1,14672,3,0.0-97.7,1975680,161791
20191031111250,10.1.0.1,14672,10.1.0.2,19172,3,0.0-97.6,1974210,161789,0.157,1,1344,0.074,0
20191031111250,10.1.0.2,19525,10.1.0.1,15025,3,0.0-9.7,1005480,830460
20191031111250,10.1.0.1,15025,10.1.0.2,19525,3,0.0-9.6,1001070,830508,0.090,3,684,0.439,0
20191031111250,10.1.0.2,19450,10.1.0.1,14950,3,0.0-31.1,4798080,1234941
20191031111250,10.1.0.2,19203,10.1.0.1,14703,3,0.0-89.8,30374610,2706430
20191031111250,10.1.0.2,19246,10.1.0.1,14746,3,0.0-81.7,21375270,2092030
20191031111250,10.1.0.1,14746,10.1.0.2,19246,3,0.0-81.7,21363510,2091972,0.078,8,14541,0.055,0
20191031111250,10.1.0.2,19266,10.1.0.1,14766,3,0.0-77.2,10813320,1120254
20191031111250,10.1.0.1,14950,10.1.0.2,19450,3,0.0-31.1,4795140,1235140,0.094,2,3264,0.061,0
20191031111250,10.1.0.1,14703,10.1.0.2,19203,3,0.0-89.7,30355500,2706322,0.082,13,20663,0.063,0
20191031111251,10.1.0.1,14766,10.1.0.2,19266,3,0.0-77.2,10811850,1120240,0.095,1,7356,0.014,0
20191031111251,10.1.0.2,19350,10.1.0.1,14850,3,0.0-57.7,7357350,1019902
20191031111251,10.1.0.1,14850,10.1.0.2,19350,3,0.0-57.7,7355880,1019895,0.084,1,5005,0.020,0
20191031111251,10.1.0.2,19410,10.1.0.1,14910,3,0.0-41.6,2756250,530431
20191031111251,10.1.0.2,19378,10.1.0.1,14878,3,0.0-51.4,467460,72703
20191031111251,10.1.0.1,14910,10.1.0.2,19410,3,0.0-41.5,2751840,530436,0.083,3,1875,0.160,0
20191031111251,10.1.0.1,14878,10.1.0.2,19378,3,0.0-51.4,467460,72740,0.105,0,318,0.000,0
20191031111252,10.1.0.2,19369,10.1.0.1,14869,3,0.0-54.6,8558340,1253374
20191031111252,10.1.0.2,19504,10.1.0.1,15004,3,0.0-16.8,289590,138239
20191031111252,10.1.0.1,14869,10.1.0.2,19369,3,0.0-54.6,8555400,1253290,0.127,2,5822,0.034,0
20191031111252,10.1.0.2,19290,10.1.0.1,14790,3,0.0-74.3,22542450,2426878
20191031111252,10.1.0.2,19458,10.1.0.1,14958,3,0.0-30.7,4360020,1134589
20191031111252,10.1.0.1,14790,10.1.0.2,19290,3,0.0-74.3,22527750,2426873,0.088,10,15335,0.065,0
20191031111252,10.1.0.1,14958,10.1.0.2,19458,3,0.0-30.7,4358550,1134599,0.093,1,2966,0.034,0
20191031111252,10.1.0.2,19381,10.1.0.1,14881,3,0.0-51.2,23415630,3661817
20191031111252,10.1.0.1,14881,10.1.0.2,19381,3,0.0-51.1,23408280,3661824,0.064,5,15929,0.031,0
20191031111252,10.1.0.1,15004,10.1.0.2,19504,3,0.0-16.7,289590,138650,0.161,0,197,0.000,0
20191031111252,10.1.0.2,19302,10.1.0.1,14802,3,0.0-70.9,961380,108543
20191031111252,10.1.0.1,14802,10.1.0.2,19302,3,0.0-70.8,961380,108584,0.728,0,654,0.000,0
20191031111253,10.1.0.2,19447,10.1.0.1,14947,3,0.0-35.1,3242820,739327
20191031111253,10.1.0.1,14947,10.1.0.2,19447,3,0.0-35.0,3238410,739326,0.055,3,2206,0.136,0
20191031111253,10.1.0.2,19533,10.1.0.1,15033,3,0.0-10.9,208740,152575
20191031111253,10.1.0.1,15033,10.1.0.2,19533,3,0.0-10.9,208740,153285,0.090,0,142,0.000,0
20191031111253,10.1.0.2,19277,10.1.0.1,14777,3,0.0-78.5,12744900,1299455
20191031111253,10.1.0.1,14777,10.1.0.2,19277,3,0.0-78.5,12744900,1299558,0.359,0,8670,0.000,0
20191031111253,10.1.0.2,19358,10.1.0.1,14858,3,0.0-57.6,6447420,894975
20191031111253,10.1.0.1,14858,10.1.0.2,19358,3,0.0-57.6,6444480,895096,0.202,2,4386,0.046,0
20191031111253,10.1.0.2,19423,10.1.0.1,14923,3,0.0-41.1,13566630,2642938
20191031111254,10.1.0.1,14923,10.1.0.2,19423,3,0.0-41.1,13565160,2643121,0.085,1,9229,0.011,0
20191031111254,10.1.0.2,19398,10.1.0.1,14898,3,0.0-48.9,388080,63487
20191031111254,10.1.0.1,14898,10.1.0.2,19398,3,0.0-48.9,388080,63524,0.201,0,264,0.000,0
20191031111254,10.1.0.2,19267,10.1.0.1,14767,3,0.0-80.8,27137670,2687997
20191031111254,10.1.0.1,14767,10.1.0.2,19267,3,0.0-80.7,27121500,2688078,0.082,11,18461,0.060,0
20191031111255,10.1.0.2,19397,10.1.0.1,14897,3,0.0-50.3,19542180,3110907
20191031111255,10.1.0.1,14897,10.1.0.2,19397,3,0.0-50.2,19530420,3110858,0.086,8,13294,0.060,0
20191031111255,10.1.0.2,19418,10.1.0.1,14918,3,0.0-43.5,2497530,459775
20191031111255,10.1.0.1,14918,10.1.0.2,19418,3,0.0-43.4,2496060,459994,0.061,1,1699,0.059,0
20191031111255,10.1.0.2,19320,10.1.0.1,14820,3,0.0-68.1,6287190,738302
20191031111256,10.1.0.1,14820,10.1.0.2,19320,3,0.0-68.1,6285720,738231,0.400,1,4277,0.023,0
20191031111256,10.1.0.2,19436,10.1.0.1,14936,3,0.0-40.7,849660,166911
20191031111256,10.1.0.1,14936,10.1.0.2,19436,3,0.0-40.7,849660,167127,0.155,0,578,0.000,0
20191031111256,10.1.0.2,19248,10.1.0.1,14748,3,0.0-87.2,4129230,378879
20191031111256,10.1.0.1,14748,10.1.0.2,19248,3,0.0-87.2,4127760,378876,0.245,1,2809,0.036,0
20191031111256,10.1.0.2,19279,10.1.0.1,14779,3,0.0-80.6,2568090,254975
20191031111256,10.1.0.1,14779,10.1.0.2,19279,3,0.0-80.6,2568090,255020,0.498,0,1747,0.000,0
20191031111256,10.1.0.2,19237,10.1.0.1,14737,3,0.0-89.0,10172400,914431
20191031111256,10.1.0.1,14737,10.1.0.2,19237,3,0.0-89.0,10172400,914470,0.064,0,6920,0.000,0
20191031111256,10.1.0.2,19196,10.1.0.1,14696,3,0.0-97.8,26405610,2160638
20191031111257,10.1.0.1,14696,10.1.0.2,19196,3,0.0-97.7,26393850,2160607,0.089,8,17963,0.045,0
20191031111257,10.1.0.2,19184,10.1.0.1,14684,3,0.0-99.9,33812940,2706431
20191031111257,10.1.0.1,14684,10.1.0.2,19184,3,0.0-99.9,33807060,2706426,0.065,4,23002,0.017,0
20191031111257,10.1.0.2,19347,10.1.0.1,14847,3,0.0-65.0,4410000,542719
20191031111258,10.1.0.1,14847,10.1.0.2,19347,3,0.0-65.0,4408530,542716,0.153,1,3000,0.033,0
20191031111258,10.1.0.2,19208,10.1.0.1,14708,3,0.0-96.2,10814790,899071
20191031111258,10.1.0.1,14708,10.1.0.2,19208,3,0.0-96.2,10813320,899061,0.121,1,7357,0.014,0
20191031111258,10.1.0.2,19234,10.1.0.1,14734,3,0.0-90.7,3332490,293887
20191031111258,10.1.0.1,14734,10.1.0.2,19234,3,0.0-90.7,3332490,293897,0.443,0,2267,0.000,0
20191031111258,10.1.0.2,19424,10.1.0.1,14924,3,0.0-45.4,4673130,824319
20191031111258,10.1.0.1,14924,10.1.0.2,19424,3,0.0-45.3,4671660,824494,0.079,1,3179,0.031,0
20191031111258,10.1.0.2,19287,10.1.0.1,14787,3,0.0-81.3,8499540,836607
20191031111258,10.1.0.1,14787,10.1.0.2,19287,3,0.0-81.2,8495130,836704,0.076,3,5782,0.052,0
20191031111258,10.1.0.2,19565,10.1.0.1,15065,3,0.0-7.6,468930,494589
20191031111258,10.1.0.2,19433,10.1.0.1,14933,3,0.0-43.9,18250050,3326971
20191031111258,10.1.0.1,15065,10.1.0.2,19565,3,0.0-7.6,468930,495918,0.092,0,319,0.000,0
20191031111259,10.1.0.2,19391,10.1.0.1,14891,3,0.0-55.5,24457860,3527675
20191031111259,10.1.0.1,14891,10.1.0.2,19391,3,0.0-55.5,24456390,3527697,0.071,1,16638,0.006,0
20191031111259,10.1.0.1,14933,10.1.0.2,19433,3,0.0-43.9,18248580,3327162,0.068,1,12415,0.008,0
20191031111259,10.1.0.2,19333,10.1.0.1,14833,3,0.0-69.1,11083800,1283070
20191031111259,10.1.0.1,14833,10.1.0.2,19333,3,0.0-69.1,11079390,1283129,0.062,3,7540,0.040,0
20191031111300,10.1.0.2,19538,10.1.0.1,15038,3,0.0-15.4,5872650,3045361
20191031111300,10.1.0.1,15038,10.1.0.2,19538,3,0.0-15.4,5871180,3045675,0.079,1,3995,0.025,0
20191031111300,10.1.0.2,19480,10.1.0.1,14980,3,0.0-32.3,6951630,1721341
20191031111300,10.1.0.2,19272,10.1.0.1,14772,3,0.0-85.8,4458510,415743
20191031111300,10.1.0.1,14772,10.1.0.2,19272,3,0.0-85.7,4457040,415833,0.158,1,3033,0.033,0
20191031111300,10.1.0.1,14980,10.1.0.2,19480,3,0.0-32.3,6951630,1721509,0.081,0,4729,0.000,0
20191031111300,10.1.0.2,19491,10.1.0.1,14991,3,0.0-29.4,887880,241663
20191031111300,10.1.0.2,19259,10.1.0.1,14759,3,0.0-88.7,24585750,2216958
20191031111300,10.1.0.1,14991,10.1.0.2,19491,3,0.0-29.4,887880,241773,0.101,0,604,0.000,0
20191031111300,10.1.0.2,19312,10.1.0.1,14812,3,0.0-75.9,398370,41983
20191031111300,10.1.0.1,14812,10.1.0.2,19312,3,0.0-75.9,398370,41992,0.106,0,271,0.000,0
20191031111300,10.1.0.1,14759,10.1.0.2,19259,3,0.0-88.7,24578400,2217013,0.067,5,16725,0.030,0
20191031111300,10.1.0.2,19493,10.1.0.1,14993,3,0.0-29.0,3698520,1019902
20191031111300,10.1.0.1,14993,10.1.0.2,19493,3,0.0-29.0,3698520,1020051,0.066,0,2516,0.000,0
20191031111301,10.1.0.2,19572,10.1.0.1,15072,3,0.0-8.0,94080,94207
20191031111301,10.1.0.2,19405,10.1.0.1,14905,3,0.0-54.0,2066820,306175
20191031111301,10.1.0.1,15072,10.1.0.2,19572,3,0.0-8.0,94080,94599,62.540,0,64,0.000,0
20191031111301,10.1.0.1,14905,10.1.0.2,19405,3,0.0-54.0,2066820,306217,0.077,0,1406,0.000,0
20191031111301,10.1.0.2,19579,10.1.0.1,15079,3,0.0-6.8,642390,753658
20191031111301,10.1.0.1,15079,10.1.0.2,19579,3,0.0-6.8,642390,754204,0.801,0,437,0.000,0
20191031111302,10.1.0.2,19275,10.1.0.1,14775,3,0.0-87.3,12936000,1184767
20191031111302,10.1.0.1,14775,10.1.0.2,19275,3,0.0-87.3,12933060,1184857,0.179,2,8800,0.023,0
20191031111302,10.1.0.2,19215,10.1.0.1,14715,3,0.0-99.4,15487920,1246207
20191031111302,10.1.0.1,14715,10.1.0.2,19215,3,0.0-99.4,15483510,1246260,0.057,3,10536,0.028,0
20191031111303,10.1.0.2,19462,10.1.0.1,14962,3,0.0-39.5,1517040,307198
20191031111303,10.1.0.1,14962,10.1.0.2,19462,3,0.0-39.5,1517040,307395,0.251,0,1032,0.000,0
20191031111303,10.1.0.2,19596,10.1.0.1,15096,3,0.0-5.2,364560,559095
20191031111303,10.1.0.1,15096,10.1.0.2,19596,3,0.0-5.2,363090,559184,0.065,1,248,0.403,0
20191031111304,10.1.0.2,19297,10.1.0.1,14797,3,0.0-84.2,6603240,627711
20191031111304,10.1.0.1,14797,10.1.0.2,19297,3,0.0-84.1,6601770,627706,0.092,1,4492,0.022,0
20191031111304,10.1.0.2,19523,10.1.0.1,15023,3,0.0-24.0,2579850,861181
20191031111304,10.1.0.1,15023,10.1.0.2,19523,3,0.0-23.9,2575440,861343,0.075,3,1755,0.171,0
20191031111304,10.1.0.2,19238,10.1.0.1,14738,3,0.0-96.7,1436190,118783
20191031111304,10.1.0.1,14738,10.1.0.2,19238,3,0.0-96.7,1436190,118825,0.067,0,977,0.000,0
20191031111304,10.1.0.2,19589,10.1.0.1,15089,3,0.0-8.3,239610,231422
20191031111304,10.1.0.1,15089,10.1.0.2,19589,3,0.0-8.3,239610,232233,0.122,0,163,0.000,0
20191031111304,10.1.0.2,19463,10.1.0.1,14963,3,0.0-41.3,8453970,1638396
20191031111305,10.1.0.1,14963,10.1.0.2,19463,3,0.0-41.3,8452500,1638571,0.081,1,5751,0.017,0
20191031111305,10.1.0.2,19585,10.1.0.1,15085,3,0.0-9.4,113190,96255
20191031111305,10.1.0.1,15085,10.1.0.2,19585,3,0.0-9.4,113190,96315,0.106,0,77,0.000,0
20191031111305,10.1.0.2,19555,10.1.0.1,15055,3,0.0-16.6,610050,293887
20191031111305,10.1.0.1,15055,10.1.0.2,19555,3,0.0-16.6,610050,294070,0.070,0,415,0.000,0
20191031111305,10.1.0.2,19273,10.1.0.1,14773,3,0.0-91.2,5475750,480255
20191031111305,10.1.0.1,14773,10.1.0.2,19273,3,0.0-91.2,5472810,480250,0.083,2,3725,0.054,0
20191031111305,10.1.0.2,19476,10.1.0.1,14976,3,0.0-38.5,6335700,1314814
20191031111305,10.1.0.1,14976,10.1.0.2,19476,3,0.0-38.5,6332760,1314895,0.401,2,4310,0.046,0
20191031111306,10.1.0.2,19508,10.1.0.1,15008,3,0.0-29.7,3107580,836604
20191031111306,10.1.0.1,15008,10.1.0.2,19508,3,0.0-29.7,3106110,836790,0.093,1,2114,0.047,0
20191031111306,10.1.0.2,19568,10.1.0.1,15068,3,0.0-14.4,6726720,3740651
20191031111306,10.1.0.1,15068,10.1.0.2,19568,3,0.0-14.4,6725250,3741233,0.066,1,4576,0.022,0
20191031111307,10.1.0.2,19264,10.1.0.1,14764,3,0.0-93.6,20377140,1741822
20191031111307,10.1.0.1,14764,10.1.0.2,19264,3,0.0-93.6,20371260,1741869,0.104,4,13862,0.029,0
20191031111307,10.1.0.2,19432,10.1.0.1,14932,3,0.0-52.4,2762130,421887
20191031111307,10.1.0.1,14932,10.1.0.2,19432,3,0.0-52.3,2760660,421886,0.058,1,1879,0.053,0
20191031111307,10.1.0.2,19527,10.1.0.1,15027,3,0.0-26.1,5768280,1765370
20191031111307,10.1.0.1,15027,10.1.0.2,19527,3,0.0-26.1,5766810,1765367,0.059,1,3924,0.025,0
20191031111307,10.1.0.2,19416,10.1.0.1,14916,3,0.0-56.1,1852200,264191
20191031111307,10.1.0.1,14916,10.1.0.2,19416,3,0.0-56.1,1852200,264305,0.111,0,1260,0.000,0
20191031111307,10.1.0.2,19309,10.1.0.1,14809,3,0.0-83.7,5949090,568319
20191031111307,10.1.0.2,19547,10.1.0.1,15047,3,0.0-20.5,11464530,4484080
20191031111307,10.1.0.1,14809,10.1.0.2,19309,3,0.0-83.7,5946150,568314,1.152,2,4047,0.049,0
20191031111307,10.1.0.1,15047,10.1.0.2,19547,3,0.0-20.4,11452770,4484181,0.753,8,7799,0.103,0
20191031111307,10.1.0.2,19243,10.1.0.1,14743,3,0.0-99.3,8562750,690175
20191031111307,10.1.0.1,14743,10.1.0.2,19243,3,0.0-99.2,8559810,690094,0.624,2,5825,0.034,0
20191031111308,10.1.0.2,19402,10.1.0.1,14902,3,0.0-62.4,9465330,1214463
20191031111308,10.1.0.2,19618,10.1.0.1,15118,3,0.0-6.4,901110,1126389
20191031111308,10.1.0.1,14902,10.1.0.2,19402,3,0.0-62.3,9462390,1214547,0.067,2,6439,0.031,0
20191031111308,10.1.0.1,15118,10.1.0.2,19618,3,0.0-6.4,899640,1126484,0.062,1,613,0.163,0
20191031111308,10.1.0.2,19288,10.1.0.1,14788,3,0.0-91.2,1295070,113663
20191031111308,10.1.0.1,14788,10.1.0.2,19288,3,0.0-91.1,1295070,113726,0.083,0,881,0.000,0
20191031111309,10.1.0.2,19286,10.1.0.1,14786,3,0.0-92.0,12524400,1088510
20191031111309,10.1.0.1,14786,10.1.0.2,19286,3,0.0-92.0,12519990,1088511,0.079,3,8520,0.035,0
20191031111309,10.1.0.2,19560,10.1.0.1,15060,3,0.0-19.3,6731130,2789364
20191031111309,10.1.0.1,15060,10.1.0.2,19560,3,0.0-19.3,6722310,2789332,0.084,6,4579,0.131,0
20191031111309,10.1.0.2,19485,10.1.0.1,14985,3,0.0-39.8,2485770,499711
20191031111310,10.1.0.1,14985,10.1.0.2,19485,3,0.0-39.8,2484300,499806,0.066,1,1691,0.059,0
20191031111310,10.1.0.2,19394,10.1.0.1,14894,3,0.0-66.0,3625020,439295
20191031111310,10.1.0.1,14894,10.1.0.2,19394,3,0.0-66.0,3623550,439307,0.252,1,2466,0.041,0
20191031111310,10.1.0.2,19335,10.1.0.1,14835,3,0.0-79.8,5913810,592895
20191031111310,10.1.0.1,14835,10.1.0.2,19335,3,0.0-79.8,5912340,592889,0.409,1,4023,0.025,0
20191031111310,10.1.0.2,19274,10.1.0.1,14774,3,0.0-96.0,5677140,473087
20191031111310,10.1.0.1,14774,10.1.0.2,19274,3,0.0-96.0,5675670,473168,0.131,1,3862,0.026,0
20191031111310,10.1.0.2,19357,10.1.0.1,14857,3,0.0-74.8,25291350,2704382
20191031111310,10.1.0.1,14857,10.1.0.2,19357,3,0.0-74.8,25286940,2704349,0.071,3,17205,0.017,0
20191031111310,10.1.0.2,19622,10.1.0.1,15122,3,0.0-7.2,120540,133118
20191031111310,10.1.0.1,15122,10.1.0.2,19622,3,0.0-7.2,120540,133635,0.147,0,82,0.000,0
20191031111310,10.1.0.2,19271,10.1.0.1,14771,3,0.0-96.4,45367140,3766266
20191031111310,10.1.0.1,14771,10.1.0.2,19271,3,0.0-96.3,45320100,3766243,0.075,32,30862,0.104,0
20191031111311,10.1.0.2,19464,10.1.0.1,14964,3,0.0-46.3,1956570,337919
20191031111311,10.1.0.1,14964,10.1.0.2,19464,3,0.0-46.3,1955100,338003,0.068,1,1331,0.075,0
20191031111311,10.1.0.2,19595,10.1.0.1,15095,3,0.0-14.0,20580,11759
20191031111311,10.1.0.1,15095,10.1.0.2,19595,3,0.0-14.0,20580,11792,62.558,0,14,0.000,0
20191031111312,10.1.0.2,19599,10.1.0.1,15099,3,0.0-13.4,101430,60415
20191031111312,10.1.0.1,15099,10.1.0.2,19599,3,0.0-13.4,101430,60450,62.609,0,69,0.000,0
20191031111312,10.1.0.2,19301,10.1.0.1,14801,3,0.0-91.1,9837240,864255
20191031111312,10.1.0.1,14801,10.1.0.2,19301,3,0.0-91.1,9837240,864293,0.071,0,6692,0.000,0
20191031111312,10.1.0.2,19323,10.1.0.1,14823,3,0.0-84.3,658560,62463
20191031111312,10.1.0.1,14823,10.1.0.2,19323,3,0.0-84.3,658560,62473,0.138,0,448,0.000,0
20191031111312,10.1.0.2,19562,10.1.0.1,15062,3,0.0-22.1,5165580,1869816
20191031111313,10.1.0.1,15062,10.1.0.2,19562,3,0.0-22.1,5162640,1869842,0.088,2,3514,0.057,0
20191031111313,10.1.0.2,19473,10.1.0.1,14973,3,0.0-46.9,3430980,585726
20191031111313,10.1.0.2,19390,10.1.0.1,14890,3,0.0-69.5,12480300,1436671
20191031111313,10.1.0.1,14973,10.1.0.2,19473,3,0.0-46.8,3428040,585714,0.091,2,2334,0.086,0
20191031111313,10.1.0.1,14890,10.1.0.2,19390,3,0.0-69.5,12475890,1436662,0.061,3,8490,0.035,0
20191031111313,10.1.0.2,19483,10.1.0.1,14983,3,0.0-44.8,19415760,3468282
20191031111313,10.1.0.1,14983,10.1.0.2,19483,3,0.0-44.7,19396650,3468216,0.074,13,13208,0.098,0
20191031111313,10.1.0.2,19457,10.1.0.1,14957,3,0.0-52.7,6128430,929791
20191031111313,10.1.0.2,19520,10.1.0.1,15020,3,0.0-33.8,316050,74751
20191031111313,10.1.0.1,14957,10.1.0.2,19457,3,0.0-52.7,6126960,929957,0.061,1,4169,0.024,0
20191031111313,10.1.0.2,19385,10.1.0.1,14885,3,0.0-72.0,9044910,1004543
20191031111313,10.1.0.1,14885,10.1.0.2,19385,3,0.0-72.0,9044910,1004592,0.078,0,6153,0.000,0
20191031111313,10.1.0.1,15020,10.1.0.2,19520,3,0.0-33.8,316050,74783,0.105,0,215,0.000,0
20191031111314,10.1.0.2,19559,10.1.0.1,15059,3,0.0-23.9,3463320,1158140
20191031111314,10.1.0.2,19395,10.1.0.1,14895,3,0.0-70.0,1997730,228351
20191031111314,10.1.0.1,14895,10.1.0.2,19395,3,0.0-70.0,1997730,228370,0.100,0,1359,0.000,0
20191031111314,10.1.0.2,19475,10.1.0.1,14975,3,0.0-47.2,6572370,1115134
20191031111314,10.1.0.1,14975,10.1.0.2,19475,3,0.0-47.1,6572370,1115243,0.297,0,4471,0.000,0
20191031111314,10.1.0.1,15059,10.1.0.2,19559,3,0.0-23.9,3463320,1158348,62.763,0,2356,0.000,0
20191031111314,10.1.0.2,19384,10.1.0.1,14884,3,0.0-72.8,11029410,1212414
20191031111314,10.1.0.1,14884,10.1.0.2,19384,3,0.0-72.8,11027940,1212476,0.098,1,7503,0.013,0
20191031111315,10.1.0.2,19400,10.1.0.1,14900,3,0.0-68.9,502740,58367
20191031111315,10.1.0.1,14900,10.1.0.2,19400,3,0.0-68.9,502740,58409,62.567,0,342,0.000,0
20191031111315,10.1.0.2,19306,10.1.0.1,14806,3,0.0-91.5,5303760,463871
20191031111315,10.1.0.1,14806,10.1.0.2,19306,3,0.0-91.5,5303760,463884,0.127,0,3608,0.000,0
20191031111315,10.1.0.2,19281,10.1.0.1,14781,3,0.0-99.0,1203930,97279
20191031111315,10.1.0.1,14781,10.1.0.2,19281,3,0.0-99.0,1203930,97306,0.087,0,819,0.000,0
20191031111315,10.1.0.2,19452,10.1.0.1,14952,3,0.0-55.2,5516910,799743
20191031111315,10.1.0.2,19431,10.1.0.1,14931,3,0.0-61.0,2969400,389119
20191031111315,10.1.0.1,14931,10.1.0.2,19431,3,0.0-61.0,2969400,389301,0.070,0,2020,0.000,0
20191031111315,10.1.0.1,14952,10.1.0.2,19452,3,0.0-55.2,5515440,799789,0.091,1,3753,0.027,0
20191031111316,10.1.0.2,19326,10.1.0.1,14826,3,0.0-87.0,20898990,1922047
20191031111316,10.1.0.1,14826,10.1.0.2,19326,3,0.0-87.0,20897520,1922113,0.398,1,14217,0.007,0
20191031111316,10.1.0.2,19283,10.1.0.1,14783,3,0.0-99.7,14560350,1168383
20191031111316,10.1.0.1,14783,10.1.0.2,19283,3,0.0-99.7,14558880,1168441,0.112,1,9905,0.010,0
20191031111316,10.1.0.2,19364,10.1.0.1,14864,3,0.0-80.0,14600040,1459198
20191031111316,10.1.0.1,14864,10.1.0.2,19364,3,0.0-80.0,14594160,1459344,0.085,4,9932,0.040,0
20191031111317,10.1.0.2,19429,10.1.0.1,14929,3,0.0-63.0,10041570,1275903
20191031111317,10.1.0.2,19534,10.1.0.1,15034,3,0.0-34.2,626220,146431
20191031111317,10.1.0.1,15034,10.1.0.2,19534,3,0.0-34.1,624750,146433,0.105,1,426,0.235,0
20191031111317,10.1.0.1,14929,10.1.0.2,19429,3,0.0-62.9,10037160,1275897,0.077,3,6831,0.044,0
20191031111318,10.1.0.2,19366,10.1.0.1,14866,3,0.0-81.2,2182950,215039
20191031111318,10.1.0.1,14866,10.1.0.2,19366,3,0.0-81.2,2182950,215168,0.838,0,1485,0.000,0
20191031111318,10.1.0.2,19635,10.1.0.1,15135,3,0.0-11.9,39690,26623
20191031111318,10.1.0.1,15135,10.1.0.2,19635,3,0.0-11.9,39690,26726,0.062,0,27,0.000,0
20191031111318,10.1.0.2,19389,10.1.0.1,14889,3,0.0-75.8,19311390,2038782
20191031111319,10.1.0.1,14889,10.1.0.2,19389,3,0.0-75.8,19308450,2038759,0.070,2,13137,0.015,0
20191031111319,10.1.0.2,19296,10.1.0.1,14796,3,0.0-99.5,2954700,237567
20191031111319,10.1.0.1,14796,10.1.0.2,19296,3,0.0-99.5,2954700,237584,0.117,0,2010,0.000,0
20191031111319,10.1.0.2,19454,10.1.0.1,14954,3,0.0-59.2,2940000,397311
20191031111319,10.1.0.1,14954,10.1.0.2,19454,3,0.0-59.2,2940000,397442,0.096,0,2000,0.000,0
20191031111319,10.1.0.2,19345,10.1.0.1,14845,3,0.0-87.4,47367810,4333565
20191031111319,10.1.0.2,19382,10.1.0.1,14882,3,0.0-78.6,6328350,644095
20191031111319,10.1.0.1,14845,10.1.0.2,19345,3,0.0-87.4,47361930,4333584,0.059,4,32223,0.012,0
20191031111319,10.1.0.1,14882,10.1.0.2,19382,3,0.0-78.6,6326880,644092,0.061,1,4305,0.023,0
20191031111320,10.1.0.2,19415,10.1.0.1,14915,3,0.0-68.7,5871180,684031
20191031111320,10.1.0.1,14915,10.1.0.2,19415,3,0.0-68.6,5869710,684081,0.398,1,3994,0.025,0
20191031111320,10.1.0.2,19448,10.1.0.1,14948,3,0.0-61.9,1759590,227327
20191031111320,10.1.0.2,19396,10.1.0.1,14896,3,0.0-75.6,1218630,129023
20191031111320,10.1.0.1,14948,10.1.0.2,19448,3,0.0-61.9,1759590,227439,0.078,0,1197,0.000,0
20191031111320,10.1.0.1,14896,10.1.0.2,19396,3,0.0-75.6,1218630,129033,0.483,0,829,0.000,0
20191031111320,10.1.0.2,19437,10.1.0.1,14937,3,0.0-64.6,793800,98303
20191031111320,10.1.0.1,14937,10.1.0.2,19437,3,0.0-64.6,793800,98360,0.112,0,540,0.000,0
20191031111320,10.1.0.2,19629,10.1.0.1,15129,3,0.0-14.8,1740480,939003
20191031111320,10.1.0.1,15129,10.1.0.2,19629,3,0.0-14.8,1737540,939025,0.099,2,1184,0.169,0
20191031111320,10.1.0.2,19594,10.1.0.1,15094,3,0.0-23.1,2082990,721917
20191031111320,10.1.0.1,15094,10.1.0.2,19594,3,0.0-23.1,2082990,722150,0.123,0,1417,0.000,0
20191031111320,10.1.0.2,19313,10.1.0.1,14813,3,0.0-96.0,10908870,909311
20191031111320,10.1.0.1,14813,10.1.0.2,19313,3,0.0-96.0,10908870,909376,0.103,0,7421,0.000,0
20191031111321,10.1.0.2,19652,10.1.0.1,15152,3,0.0-9.8,449820,367615
20191031111321,10.1.0.1,15152,10.1.0.2,19652,3,0.0-9.7,448350,368086,0.065,1,306,0.327,0
20191031111321,10.1.0.2,19341,10.1.0.1,14841,3,0.0-89.9,29439690,2620413
20191031111321,10.1.0.1,14841,10.1.0.2,19341,3,0.0-89.9,29432340,2620242,0.095,5,20027,0.025,0
20191031111321,10.1.0.2,19354,10.1.0.1,14854,3,0.0-87.2,3382470,310271
20191031111321,10.1.0.1,14854,10.1.0.2,19354,3,0.0-87.2,3382470,310304,0.106,0,2301,0.000,0
20191031111321,10.1.0.2,19647,10.1.0.1,15147,3,0.0-11.4,1502340,1058807
20191031111321,10.1.0.1,15147,10.1.0.2,19647,3,0.0-11.3,1502340,1059276,0.068,0,1022,0.000,0
20191031111322,10.1.0.2,19459,10.1.0.1,14959,3,0.0-60.7,7405860,975870
20191031111322,10.1.0.1,14959,10.1.0.2,19459,3,0.0-60.7,7402920,975943,0.477,2,5038,0.040,0
20191031111323,10.1.0.2,19449,10.1.0.1,14949,3,0.0-64.2,1643460,204799
20191031111323,10.1.0.1,14949,10.1.0.2,19449,3,0.0-64.2,1643460,204843,0.377,0,1118,0.000,0
20191031111323,10.1.0.2,19344,10.1.0.1,14844,3,0.0-91.5,20918100,1829887
20191031111323,10.1.0.1,14844,10.1.0.2,19344,3,0.0-91.4,20910750,1829703,0.066,5,14230,0.035,0
20191031111324,10.1.0.2,19499,10.1.0.1,14999,3,0.0-49.8,5556600,891903
20191031111324,10.1.0.1,14999,10.1.0.2,19499,3,0.0-49.8,5556600,892095,0.053,0,3780,0.000,0
20191031111324,10.1.0.2,19554,10.1.0.1,15054,3,0.0-35.4,1320060,297983
20191031111324,10.1.0.2,19549,10.1.0.1,15049,3,0.0-36.3,8950830,1972220
20191031111324,10.1.0.1,15054,10.1.0.2,19554,3,0.0-35.4,1320060,298073,0.457,0,898,0.000,0
20191031111324,10.1.0.1,15049,10.1.0.2,19549,3,0.0-36.3,8947890,1972268,0.113,2,6089,0.033,0
20191031111325,10.1.0.2,19486,10.1.0.1,14986,3,0.0-55.7,6019650,865279
20191031111325,10.1.0.1,14986,10.1.0.2,19486,3,0.0-55.6,6016710,865262,0.078,2,4095,0.049,0
20191031111326,10.1.0.2,19592,10.1.0.1,15092,3,0.0-29.4,2322600,631806
20191031111326,10.1.0.2,19639,10.1.0.1,15139,3,0.0-18.4,47040,20479
20191031111326,10.1.0.2,19661,10.1.0.1,15161,3,0.0-14.1,3616200,2056182
20191031111326,10.1.0.1,15139,10.1.0.2,19639,3,0.0-18.4,47040,20497,62.556,0,32,0.000,0
20191031111326,10.1.0.2,19548,10.1.0.1,15048,3,0.0-39.0,4054260,831486
20191031111326,10.1.0.1,15092,10.1.0.2,19592,3,0.0-29.4,2322600,632016,0.053,0,1580,0.000,0
20191031111326,10.1.0.2,19648,10.1.0.1,15148,3,0.0-15.6,354270,181247
20191031111326,10.1.0.1,15148,10.1.0.2,19648,3,0.0-15.6,354270,181759,0.562,0,241,0.000,0
20191031111326,10.1.0.1,15161,10.1.0.2,19661,3,0.0-14.0,3610320,2056570,0.086,4,2460,0.163,0
20191031111326,10.1.0.1,15048,10.1.0.2,19548,3,0.0-39.0,4054260,831731,0.294,0,2758,0.000,0
20191031111327,10.1.0.2,19453,10.1.0.1,14953,3,0.0-66.6,23145150,2781181
20191031111327,10.1.0.1,14953,10.1.0.2,19453,3,0.0-66.6,23142210,2781150,0.072,2,15745,0.013,0
20191031111327,10.1.0.2,19515,10.1.0.1,15015,3,0.0-49.1,7811580,1271805
20191031111327,10.1.0.1,15015,10.1.0.2,19515,3,0.0-49.1,7811580,1271937,0.053,0,5314,0.000,0
20191031111328,10.1.0.2,19665,10.1.0.1,15165,3,0.0-14.7,6879600,3737583
20191031111328,10.1.0.1,15165,10.1.0.2,19665,3,0.0-14.7,6872250,3737725,0.045,5,4680,0.107,0
20191031111328,10.1.0.2,19638,10.1.0.1,15138,3,0.0-20.8,4817190,1856504
20191031111328,10.1.0.1,15138,10.1.0.2,19638,3,0.0-20.7,4811310,1856823,0.084,4,3277,0.122,0
20191031111328,10.1.0.2,19700,10.1.0.1,15200,3,0.0-5.3,116130,174077
20191031111328,10.1.0.1,15200,10.1.0.2,19700,3,0.0-5.3,116130,175044,0.172,0,79,0.000,0
20191031111328,10.1.0.2,19651,10.1.0.1,15151,3,0.0-17.6,493920,224254
20191031111328,10.1.0.1,15151,10.1.0.2,19651,3,0.0-17.6,492450,224259,0.128,1,336,0.298,0
20191031111328,10.1.0.2,19698,10.1.0.1,15198,3,0.0-5.7,36750,51199
20191031111328,10.1.0.1,15198,10.1.0.2,19698,3,0.0-5.7,36750,51421,0.093,0,25,0.000,0
20191031111329,10.1.0.2,19570,10.1.0.1,15070,3,0.0-36.2,2072700,457727
20191031111329,10.1.0.2,19387,10.1.0.1,14887,3,0.0-86.4,28785540,2665469
20191031111329,10.1.0.2,19524,10.1.0.1,15024,3,0.0-48.5,1533210,252927
20191031111329,10.1.0.1,14887,10.1.0.2,19387,3,0.0-86.4,28779660,2665491,0.081,4,19582,0.020,0
20191031111329,10.1.0.1,15024,10.1.0.2,19524,3,0.0-48.4,1531740,252926,0.114,1,1043,0.096,0
20191031111329,10.1.0.1,15070,10.1.0.2,19570,3,0.0-36.2,2072700,457918,62.543,0,1410,0.000,0
20191031111329,10.1.0.2,19539,10.1.0.1,15039,3,0.0-44.5,3673530,660478
20191031111329,10.1.0.1,15039,10.1.0.2,19539,3,0.0-44.5,3673530,660709,0.068,0,2499,0.000,0
20191031111329,10.1.0.2,19467,10.1.0.1,14967,3,0.0-64.3,4696650,584703
20191031111329,10.1.0.2,19374,10.1.0.1,14874,3,0.0-90.6,6318060,558079
20191031111329,10.1.0.1,14967,10.1.0.2,19467,3,0.0-64.2,4693710,584855,0.090,2,3195,0.063,0
20191031111329,10.1.0.1,14874,10.1.0.2,19374,3,0.0-90.5,6316590,558123,0.088,1,4298,0.023,0
20191031111329,10.1.0.2,19363,10.1.0.1,14863,3,0.0-93.0,1583190,136191
20191031111329,10.1.0.1,14863,10.1.0.2,19363,3,0.0-92.9,1581720,136190,0.165,1,1077,0.093,0
20191031111330,10.1.0.2,19645,10.1.0.1,15145,3,0.0-20.1,862890,344062
20191031111330,10.1.0.1,15145,10.1.0.2,19645,3,0.0-20.1,862890,344286,0.094,0,587,0.000,0
20191031111330,10.1.0.2,19399,10.1.0.1,14899,3,0.0-85.0,124950,11759
20191031111330,10.1.0.1,14899,10.1.0.2,19399,3,0.0-84.9,124950,11766,62.637,0,85,0.000,0
20191031111330,10.1.0.2,19352,10.1.0.1,14852,3,0.0-96.6,14567700,1206271
20191031111330,10.1.0.1,14852,10.1.0.2,19352,3,0.0-96.6,14567700,1206349,0.083,0,9910,0.000,0
20191031111330,10.1.0.2,19495,10.1.0.1,14995,3,0.0-58.6,25229610,3441659
20191031111331,10.1.0.1,14995,10.1.0.2,19495,3,0.0-58.6,25225200,3441612,0.053,3,17163,0.017,0
20191031111331,10.1.0.2,19351,10.1.0.1,14851,3,0.0-97.4,45772860,3760126
20191031111331,10.1.0.1,14851,10.1.0.2,19351,3,0.0-97.4,45756690,3759977,0.075,11,31138,0.035,0
20191031111331,10.1.0.2,19413,10.1.0.1,14913,3,0.0-80.8,17716440,1753086
20191031111331,10.1.0.1,14913,10.1.0.2,19413,3,0.0-80.8,17712030,1753078,0.095,3,12052,0.025,0
20191031111331,10.1.0.2,19470,10.1.0.1,14970,3,0.0-65.9,3660300,444415
20191031111331,10.1.0.2,19575,10.1.0.1,15075,3,0.0-37.7,188160,39935
20191031111331,10.1.0.1,15075,10.1.0.2,19575,3,0.0-37.7,188160,39941,0.110,0,128,0.000,0
20191031111331,10.1.0.1,14970,10.1.0.2,19470,3,0.0-65.9,3660300,444480,0.072,0,2490,0.000,0
20191031111331,10.1.0.2,19615,10.1.0.1,15115,3,0.0-29.7,4311510,1160189
20191031111331,10.1.0.1,15115,10.1.0.2,19615,3,0.0-29.7,4307100,1160229,0.078,3,2933,0.102,0
20191031111332,10.1.0.2,19530,10.1.0.1,15030,3,0.0-50.2,4865700,775167
20191031111332,10.1.0.1,15030,10.1.0.2,19530,3,0.0-50.2,4864230,775212,0.512,1,3310,0.030,0
20191031111332,10.1.0.2,19484,10.1.0.1,14984,3,0.0-63.4,15483510,1953790
20191031111332,10.1.0.1,14984,10.1.0.2,19484,3,0.0-63.4,15476160,1953761,0.096,5,10533,0.047,0
20191031111332,10.1.0.2,19383,10.1.0.1,14883,3,0.0-91.0,11951100,1050623
20191031111332,10.1.0.1,14883,10.1.0.2,19383,3,0.0-91.0,11948160,1050678,0.120,2,8130,0.025,0
20191031111332,10.1.0.2,19545,10.1.0.1,15045,3,0.0-45.7,24659250,4317177
20191031111332,10.1.0.1,15045,10.1.0.2,19545,3,0.0-45.6,24634260,4317238,0.053,17,16775,0.101,0
20191031111333,10.1.0.2,19414,10.1.0.1,14914,3,0.0-82.2,1766940,172031
20191031111333,10.1.0.1,14914,10.1.0.2,19414,3,0.0-82.1,1765470,172030,0.151,1,1202,0.083,0
20191031111333,10.1.0.2,19438,10.1.0.1,14938,3,0.0-77.7,2745960,282623
20191031111333,10.1.0.1,14938,10.1.0.2,19438,3,0.0-77.7,2745960,282721,0.105,0,1868,0.000,0
20191031111333,10.1.0.2,19403,10.1.0.1,14903,3,0.0-87.5,235200,21503
20191031111333,10.1.0.1,14903,10.1.0.2,19403,3,0.0-87.5,235200,21504,0.194,0,160,0.000,0
20191031111334,10.1.0.2,19550,10.1.0.1,15050,3,0.0-46.0,2185890,379903
20191031111334,10.1.0.1,15050,10.1.0.2,19550,3,0.0-46.0,2185890,380007,0.681,0,1487,0.000,0
20191031111334,10.1.0.2,19411,10.1.0.1,14911,3,0.0-84.8,3289860,310271
20191031111334,10.1.0.1,14911,10.1.0.2,19411,3,0.0-84.8,3289860,310377,0.806,0,2238,0.000,0
20191031111335,10.1.0.2,19621,10.1.0.1,15121,3,0.0-32.4,4809840,1188862
20191031111335,10.1.0.1,15121,10.1.0.2,19621,3,0.0-32.3,4808370,1189096,0.078,1,3272,0.031,0
20191031111335,10.1.0.2,19671,10.1.0.1,15171,3,0.0-20.3,576240,227327
20191031111335,10.1.0.1,15171,10.1.0.2,19671,3,0.0-20.3,576240,227595,0.069,0,392,0.000,0
20191031111335,10.1.0.2,19506,10.1.0.1,15006,3,0.0-59.9,14797020,1976317
20191031111335,10.1.0.1,15006,10.1.0.2,19506,3,0.0-59.9,14792610,1976297,0.075,3,10066,0.030,0
20191031111335,10.1.0.2,19422,10.1.0.1,14922,3,0.0-82.8,13372590,1292287
20191031111335,10.1.0.1,14922,10.1.0.2,19422,3,0.0-82.8,13372590,1292331,0.061,0,9097,0.000,0
20191031111335,10.1.0.2,19373,10.1.0.1,14873,3,0.0-97.2,14532420,1196031
20191031111335,10.1.0.2,19632,10.1.0.1,15132,3,0.0-29.8,682080,183295
20191031111335,10.1.0.1,14873,10.1.0.2,19373,3,0.0-97.2,14530950,1196029,0.098,1,9886,0.010,0
20191031111335,10.1.0.1,15132,10.1.0.2,19632,3,0.0-29.7,680610,183296,0.116,1,464,0.216,0
20191031111336,10.1.0.2,19510,10.1.0.1,15010,3,0.0-58.8,6973680,949247
20191031111336,10.1.0.1,15010,10.1.0.2,19510,3,0.0-58.7,6970740,949244,0.077,2,4744,0.042,0
20191031111336,10.1.0.2,19507,10.1.0.1,15007,3,0.0-60.1,1544970,205823
20191031111336,10.1.0.1,15007,10.1.0.2,19507,3,0.0-60.0,1544970,205938,0.186,0,1051,0.000,0
20191031111336,10.1.0.2,19521,10.1.0.1,15021,3,0.0-56.1,7373520,1051646
20191031111336,10.1.0.1,15021,10.1.0.2,19521,3,0.0-56.0,7367640,1051697,0.336,4,5016,0.080,0
20191031111336,10.1.0.2,19586,10.1.0.1,15086,3,0.0-40.5,9471210,1870844
20191031111336,10.1.0.1,15086,10.1.0.2,19586,3,0.0-40.5,9468270,1870941,0.360,2,6443,0.031,0
20191031111336,10.1.0.2,19408,10.1.0.1,14908,3,0.0-87.2,11820270,1084415
20191031111336,10.1.0.1,14908,10.1.0.2,19408,3,0.0-87.2,11817330,1084403,0.417,2,8041,0.025,0
20191031111336,10.1.0.2,19675,10.1.0.1,15175,3,0.0-19.6,77910,31743
20191031111336,10.1.0.1,15175,10.1.0.2,19675,3,0.0-19.6,77910,31781,0.091,0,53,0.000,0
20191031111337,10.1.0.2,19657,10.1.0.1,15157,3,0.0-25.3,662970,209919
20191031111337,10.1.0.2,19407,10.1.0.1,14907,3,0.0-88.4,22682100,2053118
20191031111337,10.1.0.1,15157,10.1.0.2,19657,3,0.0-25.3,662970,209983,62.583,0,451,0.000,0
20191031111337,10.1.0.1,14907,10.1.0.2,19407,3,0.0-88.4,22680630,2053186,0.065,1,15430,0.006,0
20191031111337,10.1.0.2,19655,10.1.0.1,15155,3,0.0-26.2,6701730,2047994
20191031111337,10.1.0.1,15155,10.1.0.2,19655,3,0.0-26.2,6700260,2048083,0.065,1,4559,0.022,0
20191031111338,10.1.0.2,19576,10.1.0.1,15076,3,0.0-44.2,4437930,803839
20191031111338,10.1.0.2,19543,10.1.0.1,15043,3,0.0-52.2,147000,22527
20191031111338,10.1.0.1,15043,10.1.0.2,19543,3,0.0-51.7,145530,22527,62.579,1,100,1.000,0
20191031111338,10.1.0.2,19409,10.1.0.1,14909,3,0.0-88.6,6359220,574463
20191031111338,10.1.0.1,15076,10.1.0.2,19576,3,0.0-44.1,4434990,803836,0.840,2,3019,0.066,0
20191031111338,10.1.0.1,14909,10.1.0.2,19409,3,0.0-88.5,6356280,574513,0.706,2,4326,0.046,0
20191031111338,10.1.0.2,19610,10.1.0.1,15110,3,0.0-37.5,513030,109567
20191031111338,10.1.0.1,15110,10.1.0.2,19610,3,0.0-37.5,513030,109584,0.120,0,349,0.000,0
20191031111338,10.1.0.2,19546,10.1.0.1,15046,3,0.0-51.7,25835250,3999740
20191031111338,10.1.0.1,15046,10.1.0.2,19546,3,0.0-51.6,25810260,3999710,0.047,17,17575,0.097,0
20191031111338,10.1.0.2,19591,10.1.0.1,15091,3,0.0-42.2,14159040,2684923
20191031111338,10.1.0.1,15091,10.1.0.2,19591,3,0.0-42.2,14147280,2684807,0.066,8,9632,0.083,0
20191031111339,10.1.0.2,19637,10.1.0.1,15137,3,0.0-31.4,7211820,1835003
20191031111339,10.1.0.1,15137,10.1.0.2,19637,3,0.0-31.4,7208880,1835032,0.072,2,4906,0.041,0
20191031111339,10.1.0.2,19740,10.1.0.1,15240,3,0.0-6.6,846720,1021945
20191031111339,10.1.0.1,15240,10.1.0.2,19740,3,0.0-6.6,846720,1023251,0.057,0,576,0.000,0
20191031111340,10.1.0.2,19624,10.1.0.1,15124,3,0.0-35.6,10914750,2451454
20191031111340,10.1.0.1,15124,10.1.0.2,19624,3,0.0-35.6,10907400,2451401,0.054,5,7425,0.067,0
20191031111340,10.1.0.2,19512,10.1.0.1,15012,3,0.0-62.7,883470,112639
20191031111340,10.1.0.2,19688,10.1.0.1,15188,3,0.0-19.9,527730,211967
20191031111340,10.1.0.1,15012,10.1.0.2,19512,3,0.0-62.7,883470,112714,0.083,0,601,0.000,0
20191031111340,10.1.0.2,19689,10.1.0.1,15189,3,0.0-19.8,959910,388094
20191031111340,10.1.0.1,15189,10.1.0.2,19689,3,0.0-19.8,959910,388203,0.211,0,653,0.000,0
20191031111340,10.1.0.1,15188,10.1.0.2,19688,3,0.0-19.9,527730,212425,0.101,0,359,0.000,0
20191031111340,10.1.0.2,19553,10.1.0.1,15053,3,0.0-51.9,1740480,268287
20191031111340,10.1.0.1,15053,10.1.0.2,19553,3,0.0-51.9,1740480,268330,0.082,0,1184,0.000,0
20191031111341,10.1.0.2,19658,10.1.0.1,15158,3,0.0-29.5,1475880,400381
20191031111341,10.1.0.1,15158,10.1.0.2,19658,3,0.0-29.4,1474410,400690,0.153,1,1004,0.100,0
20191031111341,10.1.0.2,19642,10.1.0.1,15142,3,0.0-32.0,2647470,662527
20191031111341,10.1.0.1,15142,10.1.0.2,19642,3,0.0-32.0,2646000,662531,0.111,1,1801,0.056,0
20191031111341,10.1.0.2,19673,10.1.0.1,15173,3,0.0-25.8,2841510,882684
20191031111341,10.1.0.1,15173,10.1.0.2,19673,3,0.0-25.7,2840040,882719,0.061,1,1933,0.052,0
20191031111342,10.1.0.2,19460,10.1.0.1,14960,3,0.0-80.5,12399450,1232895
20191031111342,10.1.0.1,14960,10.1.0.2,19460,3,0.0-80.4,12393570,1232881,0.086,4,8435,0.047,0
20191031111342,10.1.0.2,19712,10.1.0.1,15212,3,0.0-16.3,15221850,7460838
20191031111342,10.1.0.1,15212,10.1.0.2,19712,3,0.0-16.3,15183630,7460340,0.062,26,10355,0.251,0
20191031111343,10.1.0.2,19662,10.1.0.1,15162,3,0.0-31.0,5325810,1374204
20191031111343,10.1.0.2,19478,10.1.0.1,14978,3,0.0-75.8,3647070,385023
20191031111343,10.1.0.1,15162,10.1.0.2,19662,3,0.0-31.0,5324340,1374299,0.085,1,3623,0.028,0
20191031111343,10.1.0.1,14978,10.1.0.2,19478,3,0.0-75.8,3647070,385054,0.090,0,2481,0.000,0
20191031111343,10.1.0.2,19519,10.1.0.1,15019,3,0.0-63.6,5515440,693247
20191031111343,10.1.0.1,15019,10.1.0.2,19519,3,0.0-63.6,5513970,693335,0.082,1,3752,0.027,0
20191031111344,10.1.0.2,19496,10.1.0.1,14996,3,0.0-71.5,649740,72703
20191031111344,10.1.0.1,14996,10.1.0.2,19496,3,0.0-71.5,649740,72710,0.107,0,442,0.000,0
20191031111344,10.1.0.2,19603,10.1.0.1,15103,3,0.0-44.9,5120010,912383
20191031111344,10.1.0.1,15103,10.1.0.2,19603,3,0.0-44.8,5115600,912574,0.276,3,3483,0.086,0
20191031111345,10.1.0.2,19644,10.1.0.1,15144,3,0.0-35.5,1684620,379903
20191031111345,10.1.0.1,15144,10.1.0.2,19644,3,0.0-35.4,1684620,380208,62.619,0,1146,0.000,0
20191031111345,10.1.0.2,19435,10.1.0.1,14935,3,0.0-90.0,132300,11759
20191031111345,10.1.0.1,14935,10.1.0.2,19435,3,0.0-90.0,132300,11763,63.297,0,90,0.000,0
20191031111345,10.1.0.2,19686,10.1.0.1,15186,3,0.0-25.2,202860,64511
20191031111345,10.1.0.2,19513,10.1.0.1,15013,3,0.0-67.7,1888950,223231
20191031111345,10.1.0.1,15013,10.1.0.2,19513,3,0.0-67.7,1888950,223343,0.090,0,1285,0.000,0
20191031111345,10.1.0.1,15186,10.1.0.2,19686,3,0.0-25.1,202860,64555,0.215,0,138,0.000,0
20191031111345,10.1.0.2,19469,10.1.0.1,14969,3,0.0-79.8,4352670,436223
20191031111345,10.1.0.2,19699,10.1.0.1,15199,3,0.0-22.2,1739010,626686
20191031111345,10.1.0.1,15199,10.1.0.2,19699,3,0.0-22.2,1739010,626910,0.066,0,1183,0.000,0
20191031111345,10.1.0.1,14969,10.1.0.2,19469,3,0.0-79.8,4351200,436308,0.178,1,2961,0.034,0
20191031111346,10.1.0.2,19434,10.1.0.1,14934,3,0.0-91.4,17660580,1546237
20191031111346,10.1.0.1,14934,10.1.0.2,19434,3,0.0-91.3,17650290,1546237,0.620,7,12014,0.058,0
20191031111346,10.1.0.2,19445,10.1.0.1,14945,3,0.0-89.0,130830,11759
20191031111346,10.1.0.2,19755,10.1.0.1,15255,3,0.0-9.4,3200190,2724842
20191031111346,10.1.0.1,14945,10.1.0.2,19445,3,0.0-89.0,130830,11762,62.651,0,89,0.000,0
20191031111346,10.1.0.2,19605,10.1.0.1,15105,3,0.0-46.6,22396920,3842043
20191031111346,10.1.0.1,15105,10.1.0.2,19605,3,0.0-46.6,22383690,3842013,0.116,9,15236,0.059,0
20191031111346,10.1.0.1,15255,10.1.0.2,19755,3,0.0-9.4,3188430,2725789,0.114,8,2177,0.367,0
20191031111347,10.1.0.2,19544,10.1.0.1,15044,3,0.0-60.4,324870,43007
20191031111347,10.1.0.1,15044,10.1.0.2,19544,3,0.0-60.4,324870,43029,62.605,0,221,0.000,0
20191031111347,10.1.0.2,19772,10.1.0.1,15272,3,0.0-6.9,2210880,2579440
20191031111347,10.1.0.1,15272,10.1.0.2,19772,3,0.0-6.8,2203530,2579999,0.089,5,1504,0.332,0
20191031111347,10.1.0.2,19426,10.1.0.1,14926,3,0.0-93.6,4731930,404479
20191031111347,10.1.0.1,14926,10.1.0.2,19426,3,0.0-93.6,4731930,404550,0.267,0,3219,0.000,0
20191031111348,10.1.0.2,19444,10.1.0.1,14944,3,0.0-91.0,3062010,269311
20191031111348,10.1.0.1,14944,10.1.0.2,19444,3,0.0-90.9,3060540,269316,0.093,1,2083,0.048,0
20191031111348,10.1.0.2,19777,10.1.0.1,15277,3,0.0-6.2,1046640,1351669
20191031111348,10.1.0.2,19634,10.1.0.1,15134,3,0.0-41.9,2568090,490495
20191031111348,10.1.0.1,15277,10.1.0.2,19777,3,0.0-6.2,1045170,1351812,0.414,1,712,0.140,0
20191031111348,10.1.0.1,15134,10.1.0.2,19634,3,0.0-41.9,2566620,490599,0.699,1,1747,0.057,0
20191031111349,10.1.0.2,19606,10.1.0.1,15106,3,0.0-48.6,4937730,812031
20191031111349,10.1.0.1,15106,10.1.0.2,19606,3,0.0-48.6,4936260,812116,0.125,1,3359,0.030,0
20191031111349,10.1.0.2,19577,10.1.0.1,15077,3,0.0-55.4,8032080,1160190
20191031111349,10.1.0.2,19514,10.1.0.1,15014,3,0.0-71.5,19659780,2198527
20191031111349,10.1.0.1,15014,10.1.0.2,19514,3,0.0-71.5,19650960,2198568,0.065,6,13374,0.045,0
20191031111349,10.1.0.1,15077,10.1.0.2,19577,3,0.0-55.4,8030610,1160252,0.057,1,5464,0.018,0
20191031111349,10.1.0.2,19583,10.1.0.1,15083,3,0.0-54.3,5508090,812031
20191031111349,10.1.0.1,15083,10.1.0.2,19583,3,0.0-54.3,5508090,812196,0.068,0,3747,0.000,0
20191031111350,10.1.0.2,19466,10.1.0.1,14966,3,0.0-85.2,577710,54271
20191031111350,10.1.0.1,14966,10.1.0.2,19466,3,0.0-85.2,577710,54274,62.603,0,393,0.000,0
20191031111350,10.1.0.2,19498,10.1.0.1,14998,3,0.0-76.5,26098380,2727933
20191031111350,10.1.0.1,14998,10.1.0.2,19498,3,0.0-76.5,26091030,2727963,0.070,5,17754,0.028,0
20191031111350,10.1.0.2,19556,10.1.0.1,15056,3,0.0-61.5,1496460,194559
20191031111350,10.1.0.1,15056,10.1.0.2,19556,3,0.0-61.5,1496460,194577,0.670,0,1018,0.000,0
20191031111350,10.1.0.2,19557,10.1.0.1,15057,3,0.0-61.6,11136720,1446910
20191031111350,10.1.0.1,15057,10.1.0.2,19557,3,0.0-61.6,11135250,1446902,0.125,1,7576,0.013,0
20191031111351,10.1.0.2,19781,10.1.0.1,15281,3,0.0-8.2,795270,778232
20191031111351,10.1.0.2,19728,10.1.0.1,15228,3,0.0-20.1,832020,330750
20191031111351,10.1.0.1,15228,10.1.0.2,19728,3,0.0-20.1,832020,331308,0.093,0,566,0.000,0
20191031111351,10.1.0.1,15281,10.1.0.2,19781,3,0.0-8.1,792330,778364,0.074,2,541,0.370,0
20191031111352,10.1.0.2,19732,10.1.0.1,15232,3,0.0-19.9,2995860,1203197
20191031111352,10.1.0.1,15232,10.1.0.2,19732,3,0.0-19.9,2989980,1203711,0.079,4,2038,0.196,0
20191031111352,10.1.0.2,19428,10.1.0.1,14928,3,0.0-98.0,38215590,3120126
20191031111352,10.1.0.1,14928,10.1.0.2,19428,3,0.0-98.0,38203830,3120031,0.061,8,25997,0.031,0
20191031111352,10.1.0.2,19574,10.1.0.1,15074,3,0.0-58.9,9560880,1299454
20191031111352,10.1.0.2,19489,10.1.0.1,14989,3,0.0-81.8,5935860,580607
20191031111352,10.1.0.1,15074,10.1.0.2,19574,3,0.0-58.9,9559410,1299482,0.682,1,6504,0.015,0
20191031111352,10.1.0.1,14989,10.1.0.2,19489,3,0.0-81.8,5935860,580681,0.069,0,4038,0.000,0
20191031111353,10.1.0.2,19488,10.1.0.1,14988,3,0.0-82.9,11373390,1097727
20191031111353,10.1.0.1,14988,10.1.0.2,19488,3,0.0-82.9,11371920,1097787,0.075,1,7737,0.013,0
20191031111354,10.1.0.2,19443,10.1.0.1,14943,3,0.0-96.9,9183090,757759
20191031111354,10.1.0.1,14943,10.1.0.2,19443,3,0.0-96.9,9183090,757804,0.075,0,6247,0.000,0
20191031111354,10.1.0.2,19593,10.1.0.1,15093,3,0.0-57.4,235200,32767
20191031111354,10.1.0.1,15093,10.1.0.2,19593,3,0.0-57.4,235200,32780,62.589,0,160,0.000,0
20191031111354,10.1.0.2,19752,10.1.0.1,15252,3,0.0-17.6,929040,422910
20191031111354,10.1.0.1,15252,10.1.0.2,19752,3,0.0-17.5,927570,423017,0.191,1,632,0.158,0
20191031111354,10.1.0.2,19584,10.1.0.1,15084,3,0.0-58.9,23226000,3154940
20191031111354,10.1.0.2,19542,10.1.0.1,15042,3,0.0-68.6,605640,70655
20191031111354,10.1.0.1,15084,10.1.0.2,19584,3,0.0-58.9,23218650,3154961,0.241,5,15800,0.032,0
20191031111354,10.1.0.1,15042,10.1.0.2,19542,3,0.0-68.4,604170,70655,1.478,1,412,0.243,0
20191031111354,10.1.0.2,19551,10.1.0.1,15051,3,0.0-66.5,3686760,443391
20191031111355,10.1.0.2,19481,10.1.0.1,14981,3,0.0-87.0,12115740,1114111
20191031111355,10.1.0.1,14981,10.1.0.2,19481,3,0.0-87.0,12115740,1114189,0.092,0,8242,0.000,0
20191031111355,10.1.0.1,15051,10.1.0.2,19551,3,0.0-66.5,3685290,443400,0.311,1,2508,0.040,0
20191031111355,10.1.0.2,19578,10.1.0.1,15078,3,0.0-60.6,12059880,1593342
20191031111355,10.1.0.2,19471,10.1.0.1,14971,3,0.0-89.5,24653370,2204672
20191031111355,10.1.0.2,19721,10.1.0.1,15221,3,0.0-26.2,2335830,713726
20191031111355,10.1.0.1,15078,10.1.0.2,19578,3,0.0-60.5,12056940,1593359,0.063,2,8204,0.024,0
20191031111355,10.1.0.1,15221,10.1.0.2,19721,3,0.0-26.1,2332890,713729,0.079,2,1589,0.126,0
20191031111355,10.1.0.2,19529,10.1.0.1,15029,3,0.0-73.6,5825610,632831
20191031111355,10.1.0.1,15029,10.1.0.2,19529,3,0.0-73.6,5825610,632859,0.095,0,3963,0.000,0
20191031111355,10.1.0.1,14971,10.1.0.2,19471,3,0.0-89.4,24647490,2204649,0.082,4,16771,0.024,0
20191031111356,10.1.0.2,19472,10.1.0.1,14972,3,0.0-90.1,16706550,1482750
20191031111356,10.1.0.2,19796,10.1.0.1,15296,3,0.0-10.7,1142190,856058
20191031111356,10.1.0.1,14972,10.1.0.2,19472,3,0.0-90.1,16699200,1482734,0.068,5,11365,0.044,0
20191031111356,10.1.0.1,15296,10.1.0.2,19796,3,0.0-10.6,1139250,856458,0.068,2,777,0.257,0
20191031111356,10.1.0.2,19500,10.1.0.1,15000,3,0.0-81.9,21172410,2067454
20191031111356,10.1.0.1,15000,10.1.0.2,19500,3,0.0-81.9,21162120,2067507,0.063,7,14403,0.049,0
20191031111356,10.1.0.2,19616,10.1.0.1,15116,3,0.0-54.5,10629570,1560573
20191031111356,10.1.0.2,19456,10.1.0.1,14956,3,0.0-96.0,10173870,847871
20191031111356,10.1.0.1,15116,10.1.0.2,19616,3,0.0-54.5,10625160,1560559,0.423,3,7231,0.041,0
20191031111356,10.1.0.1,14956,10.1.0.2,19456,3,0.0-95.9,10169460,847968,0.107,3,6921,0.043,0
20191031111356,10.1.0.2,19503,10.1.0.1,15003,3,0.0-81.7,24310860,2380798
20191031111356,10.1.0.1,15003,10.1.0.2,19503,3,0.0-81.7,24303510,2380739,0.091,5,16538,0.030,0
20191031111356,10.1.0.2,19461,10.1.0.1,14961,3,0.0-94.8,11142600,940031
20191031111357,10.1.0.2,19695,10.1.0.1,15195,3,0.0-34.5,4305630,999423
20191031111357,10.1.0.1,14961,10.1.0.2,19461,3,0.0-94.8,11141130,940021,0.123,1,7580,0.013,0
20191031111357,10.1.0.1,15195,10.1.0.2,19695,3,0.0-34.4,4301220,999524,0.092,3,2929,0.102,0
20191031111357,10.1.0.2,19620,10.1.0.1,15120,3,0.0-54.6,1040760,152575
20191031111357,10.1.0.2,19771,10.1.0.1,15271,3,0.0-17.1,511560,239615
20191031111357,10.1.0.1,15271,10.1.0.2,19771,3,0.0-17.1,511560,239726,0.280,0,348,0.000,0
20191031111357,10.1.0.1,15120,10.1.0.2,19620,3,0.0-54.6,1040760,152590,0.088,0,708,0.000,0
20191031111357,10.1.0.2,19535,10.1.0.1,15035,3,0.0-74.5,1058400,113663
20191031111357,10.1.0.1,15035,10.1.0.2,19535,3,0.0-74.5,1058400,113697,0.058,0,720,0.000,0
20191031111357,10.1.0.2,19522,10.1.0.1,15022,3,0.0-77.5,2838570,292863
20191031111358,10.1.0.1,15022,10.1.0.2,19522,3,0.0-77.5,2837100,292884,0.119,1,1931,0.052,0
20191031111358,10.1.0.2,19729,10.1.0.1,15229,3,0.0-26.7,4196850,1256445
20191031111358,10.1.0.1,15229,10.1.0.2,19729,3,0.0-26.7,4193910,1256446,0.050,2,2855,0.070,0
20191031111358,10.1.0.2,19679,10.1.0.1,15179,3,0.0-40.4,5740350,1137662
20191031111358,10.1.0.1,15179,10.1.0.2,19679,3,0.0-40.4,5738880,1137655,0.130,1,3905,0.026,0
20191031111359,10.1.0.2,19767,10.1.0.1,15267,3,0.0-19.5,366030,150527
20191031111359,10.1.0.1,15267,10.1.0.2,19767,3,0.0-19.4,366030,150572,62.590,0,249,0.000,0
20191031111359,10.1.0.2,19571,10.1.0.1,15071,3,0.0-66.4,2047710,246783
20191031111359,10.1.0.1,15071,10.1.0.2,19571,3,0.0-66.3,2046240,246781,0.178,1,1393,0.072,0
20191031111359,10.1.0.2,19474,10.1.0.1,14974,3,0.0-93.5,9618210,823295
20191031111359,10.1.0.1,14974,10.1.0.2,19474,3,0.0-93.4,9613800,823286,0.069,3,6543,0.046,0
20191031111359,10.1.0.2,19511,10.1.0.1,15011,3,0.0-82.5,43429680,4212736
20191031111359,10.1.0.1,15011,10.1.0.2,19511,3,0.0-82.5,43422330,4212617,0.065,5,29544,0.017,0
20191031111400,10.1.0.2,19455,10.1.0.1,14955,3,0.0-99.3,6836970,550911
20191031111400,10.1.0.2,19580,10.1.0.1,15080,3,0.0-64.8,10738350,1325055
20191031111400,10.1.0.1,15080,10.1.0.2,19580,3,0.0-64.8,10738350,1325200,0.091,0,7305,0.000,0
20191031111400,10.1.0.1,14955,10.1.0.2,19455,3,0.0-99.3,6836970,550950,0.082,0,4651,0.000,0
20191031111400,10.1.0.2,19743,10.1.0.1,15243,3,0.0-26.0,139650,43007
20191031111400,10.1.0.1,15243,10.1.0.2,19743,3,0.0-26.0,139650,43027,0.117,0,95,0.000,0
20191031111400,10.1.0.2,19768,10.1.0.1,15268,3,0.0-20.9,929040,356350
20191031111401,10.1.0.2,19664,10.1.0.1,15164,3,0.0-48.4,1462650,241663
20191031111401,10.1.0.1,15164,10.1.0.2,19664,3,0.0-48.4,1462650,241725,62.621,0,995,0.000,0
20191031111401,10.1.0.1,15268,10.1.0.2,19768,3,0.0-20.8,927570,356358,0.701,1,632,0.158,0
20191031111401,10.1.0.2,19492,10.1.0.1,14992,3,0.0-89.7,25952850,2314238
20191031111401,10.1.0.1,14992,10.1.0.2,19492,3,0.0-89.7,25949910,2314186,0.050,2,17655,0.011,0
20191031111401,10.1.0.2,19509,10.1.0.1,15009,3,0.0-84.7,5152350,486399
20191031111401,10.1.0.1,15009,10.1.0.2,19509,3,0.0-84.7,5149410,486415,0.083,2,3505,0.057,0
20191031111402,10.1.0.2,19541,10.1.0.1,15041,3,0.0-76.7,10738350,1120255
20191031111402,10.1.0.1,15041,10.1.0.2,19541,3,0.0-76.6,10731000,1120241,0.073,5,7305,0.068,0
20191031111402,10.1.0.2,19727,10.1.0.1,15227,3,0.0-31.7,2860620,722942
20191031111402,10.1.0.1,15227,10.1.0.2,19727,3,0.0-31.6,2859150,722951,0.594,1,1946,0.051,0
20191031111402,10.1.0.2,19779,10.1.0.1,15279,3,0.0-19.9,7433790,2995195
20191031111402,10.1.0.1,15279,10.1.0.2,19779,3,0.0-19.8,7430850,2995319,0.352,2,5057,0.040,0
20191031111403,10.1.0.2,19614,10.1.0.1,15114,3,0.0-61.5,13700400,1780733
20191031111403,10.1.0.1,15114,10.1.0.2,19614,3,0.0-61.5,13695990,1780856,0.100,3,9320,0.032,0
20191031111403,10.1.0.2,19805,10.1.0.1,15305,3,0.0-14.5,710010,391166
20191031111403,10.1.0.2,19654,10.1.0.1,15154,3,0.0-52.0,679140,104447
20191031111403,10.1.0.1,15154,10.1.0.2,19654,3,0.0-52.0,679140,104455,0.113,0,462,0.000,0
20191031111403,10.1.0.1,15305,10.1.0.2,19805,3,0.0-14.5,708540,391669,0.091,1,483,0.207,0
20191031111404,10.1.0.2,19756,10.1.0.1,15256,3,0.0-26.9,1045170,310270
20191031111404,10.1.0.1,15256,10.1.0.2,19756,3,0.0-26.9,1043700,310387,0.102,1,711,0.141,0
20191031111404,10.1.0.2,19494,10.1.0.1,14994,3,0.0-93.0,5402250,464895
20191031111405,10.1.0.2,19468,10.1.0.1,14968,3,0.0-99.7,12822810,1029119
20191031111405,10.1.0.2,19745,10.1.0.1,15245,3,0.0-30.2,4337970,1147902
20191031111405,10.1.0.2,19650,10.1.0.1,15150,3,0.0-54.0,11940810,1768445
20191031111405,10.1.0.1,15245,10.1.0.2,19745,3,0.0-30.2,4333560,1147882,0.116,3,2951,0.102,0
20191031111405,10.1.0.2,19649,10.1.0.1,15149,3,0.0-54.2,1199520,177151
20191031111405,10.1.0.1,15149,10.1.0.2,19649,3,0.0-54.2,1199520,177204,0.135,0,816,0.000,0
20191031111405,10.1.0.1,14994,10.1.0.2,19494,3,0.0-92.9,5402250,464993,0.340,0,3675,0.000,0
20191031111405,10.1.0.1,14968,10.1.0.2,19468,3,0.0-99.6,12816930,1029189,0.150,4,8723,0.046,0
20191031111405,10.1.0.2,19741,10.1.0.1,15241,3,0.0-31.7,2046240,516095
20191031111405,10.1.0.1,15241,10.1.0.2,19741,3,0.0-31.7,2046240,516402,0.184,0,1392,0.000,0
20191031111405,10.1.0.1,15150,10.1.0.2,19650,3,0.0-54.0,11931990,1768551,0.074,6,8123,0.074,0
20191031111405,10.1.0.2,19822,10.1.0.1,15322,3,0.0-11.7,66150,45055
20191031111405,10.1.0.1,15322,10.1.0.2,19822,3,0.0-11.7,66150,45172,0.099,0,45,0.000,0
20191031111405,10.1.0.2,19706,10.1.0.1,15206,3,0.0-41.4,8978760,1736700
20191031111405,10.1.0.1,15206,10.1.0.2,19706,3,0.0-41.3,8977290,1736850,0.062,1,6108,0.016,0
20191031111405,10.1.0.2,19802,10.1.0.1,15302,3,0.0-17.8,1442070,648188
20191031111405,10.1.0.1,15302,10.1.0.2,19802,3,0.0-17.8,1439130,648561,0.075,2,981,0.204,0
20191031111406,10.1.0.2,19660,10.1.0.1,15160,3,0.0-54.4,10728060,1579004
20191031111406,10.1.0.1,15160,10.1.0.2,19660,3,0.0-54.3,10726590,1578993,0.063,1,7298,0.014,0
20191031111406,10.1.0.2,19709,10.1.0.1,15209,3,0.0-41.2,4057200,787455
20191031111406,10.1.0.1,15209,10.1.0.2,19709,3,0.0-41.2,4054260,787570,0.068,2,2760,0.072,0
20191031111407,10.1.0.2,19516,10.1.0.1,15016,3,0.0-88.2,18217710,1652734
20191031111407,10.1.0.1,15016,10.1.0.2,19516,3,0.0-88.2,18216240,1652758,0.110,1,12393,0.008,0
20191031111407,10.1.0.2,19528,10.1.0.1,15028,3,0.0-85.6,18358830,1716223
20191031111407,10.1.0.1,15028,10.1.0.2,19528,3,0.0-85.6,18357360,1716300,0.068,1,12489,0.008,0
20191031111407,10.1.0.2,19656,10.1.0.1,15156,3,0.0-55.7,22989330,3303420
20191031111407,10.1.0.1,15156,10.1.0.2,19656,3,0.0-55.7,22983450,3303438,0.067,4,15639,0.026,0
20191031111407,10.1.0.2,19563,10.1.0.1,15063,3,0.0-76.8,42550620,4429819
20191031111407,10.1.0.1,15063,10.1.0.2,19563,3,0.0-76.8,42546210,4429775,0.055,3,28946,0.010,0
20191031111407,10.1.0.2,19482,10.1.0.1,14982,3,0.0-99.7,7401450,593919
20191031111407,10.1.0.1,14982,10.1.0.2,19482,3,0.0-99.7,7399980,593912,0.091,1,5035,0.020,0
20191031111407,10.1.0.2,19518,10.1.0.1,15018,3,0.0-88.1,11089680,1006591
20191031111407,10.1.0.1,15018,10.1.0.2,19518,3,0.0-88.1,11088210,1006583,0.076,1,7544,0.013,0
20191031111408,10.1.0.2,19674,10.1.0.1,15174,3,0.0-52.2,6366570,974847
20191031111408,10.1.0.1,15174,10.1.0.2,19674,3,0.0-52.2,6363630,975026,0.116,2,4331,0.046,0
20191031111408,10.1.0.2,19764,10.1.0.1,15264,3,0.0-29.3,135240,36863
20191031111408,10.1.0.2,19737,10.1.0.1,15237,3,0.0-35.8,3461850,774142
20191031111408,10.1.0.2,19598,10.1.0.1,15098,3,0.0-70.0,1522920,174079
20191031111408,10.1.0.1,15098,10.1.0.2,19598,3,0.0-70.0,1522920,174087,0.100,0,1036,0.000,0
20191031111408,10.1.0.2,19582,10.1.0.1,15082,3,0.0-73.2,14508900,1585151
20191031111408,10.1.0.1,15082,10.1.0.2,19582,3,0.0-73.2,14507430,1585220,0.212,1,9870,0.010,0
20191031111408,10.1.0.2,19770,10.1.0.1,15270,3,0.0-28.7,4778970,1334268
20191031111408,10.1.0.1,15270,10.1.0.2,19770,3,0.0-28.6,4778970,1334521,0.386,0,3251,0.000,0
20191031111408,10.1.0.1,15264,10.1.0.2,19764,3,0.0-29.3,135240,36915,0.108,0,92,0.000,0
20191031111408,10.1.0.1,15237,10.1.0.2,19737,3,0.0-35.8,3461850,774351,0.684,0,2355,0.000,0
20191031111408,10.1.0.2,19564,10.1.0.1,15064,3,0.0-77.7,4715760,485375
20191031111408,10.1.0.1,15064,10.1.0.2,19564,3,0.0-77.7,4715760,485474,0.088,0,3208,0.000,0
20191031111409,10.1.0.2,19726,10.1.0.1,15226,3,0.0-38.5,477750,99327
20191031111409,10.1.0.2,19537,10.1.0.1,15037,3,0.0-85.4,1791930,167935
20191031111409,10.1.0.1,15037,10.1.0.2,19537,3,0.0-85.4,1791930,167941,0.105,0,1219,0.000,0
20191031111409,10.1.0.1,15226,10.1.0.2,19726,3,0.0-38.5,477750,99397,0.106,0,325,0.000,0
20191031111409,10.1.0.2,19762,10.1.0.1,15262,3,0.0-30.8,12661110,3284984
20191031111409,10.1.0.1,15262,10.1.0.2,19762,3,0.0-30.8,12652290,3285059,0.067,6,8613,0.070,0
20191031111409,10.1.0.2,19697,10.1.0.1,15197,3,0.0-47.0,1937460,329727
20191031111409,10.1.0.1,15197,10.1.0.2,19697,3,0.0-47.0,1935990,329846,0.106,1,1318,0.076,0
20191031111410,10.1.0.2,19707,10.1.0.1,15207,3,0.0-45.5,3198720,562174
20191031111410,10.1.0.1,15207,10.1.0.2,19707,3,0.0-45.5,3195780,562262,0.077,2,2176,0.092,0
20191031111410,10.1.0.2,19532,10.1.0.1,15032,3,0.0-88.0,1384740,125951
20191031111410,10.1.0.1,15032,10.1.0.2,19532,3,0.0-87.9,1384740,125977,0.108,0,942,0.000,0
20191031111410,10.1.0.2,19600,10.1.0.1,15100,3,0.0-71.6,11457180,1281022
20191031111410,10.1.0.1,15100,10.1.0.2,19600,3,0.0-71.5,11454240,1281006,0.677,2,7794,0.026,0
20191031111411,10.1.0.2,19670,10.1.0.1,15170,3,0.0-56.2,4076310,580607
20191031111411,10.1.0.1,15170,10.1.0.2,19670,3,0.0-56.2,4076310,580654,0.107,0,2773,0.000,0
20191031111411,10.1.0.2,19540,10.1.0.1,15040,3,0.0-86.2,6490050,602111
20191031111411,10.1.0.1,15040,10.1.0.2,19540,3,0.0-86.2,6487110,602194,0.137,2,4415,0.045,0
20191031111411,10.1.0.2,19531,10.1.0.1,15031,3,0.0-89.4,2929710,262143
20191031111411,10.1.0.1,15031,10.1.0.2,19531,3,0.0-89.4,2929710,262163,0.278,0,1993,0.000,0
20191031111411,10.1.0.2,19814,10.1.0.1,15314,3,0.0-20.8,2629830,1012731
20191031111411,10.1.0.1,15314,10.1.0.2,19814,3,0.0-20.8,2628360,1012741,0.088,1,1789,0.056,0
20191031111411,10.1.0.2,19681,10.1.0.1,15181,3,0.0-52.5,1808100,275455
20191031111411,10.1.0.1,15181,10.1.0.2,19681,3,0.0-52.5,1806630,275489,0.100,1,1230,0.081,0
20191031111411,10.1.0.2,19561,10.1.0.1,15061,3,0.0-81.2,4886280,481279
20191031111411,10.1.0.1,15061,10.1.0.2,19561,3,0.0-81.2,4884810,481303,0.097,1,3324,0.030,0
20191031111411,10.1.0.2,19787,10.1.0.1,15287,3,0.0-27.3,2103570,617470
20191031111411,10.1.0.1,15287,10.1.0.2,19787,3,0.0-27.3,2103570,617560,0.085,0,1431,0.000,0
20191031111412,10.1.0.2,19734,10.1.0.1,15234,3,0.0-40.3,2375520,472063
20191031111412,10.1.0.1,15234,10.1.0.2,19734,3,0.0-40.2,2374050,472278,0.302,1,1616,0.062,0
20191031111412,10.1.0.2,19581,10.1.0.1,15081,3,0.0-77.5,7902720,816127
20191031111412,10.1.0.1,15081,10.1.0.2,19581,3,0.0-77.5,7902720,816176,0.472,0,5376,0.000,0
20191031111414,10.1.0.2,19552,10.1.0.1,15052,3,0.0-85.2,10754520,1009663
20191031111414,10.1.0.1,15052,10.1.0.2,19552,3,0.0-85.2,10750110,1009653,62.547,3,7316,0.041,0
20191031111414,10.1.0.2,19517,10.1.0.1,15017,3,0.0-94.5,35272650,2984958
20191031111414,10.1.0.1,15017,10.1.0.2,19517,3,0.0-94.5,35255010,2984950,0.068,12,23995,0.050,0
20191031111415,10.1.0.2,19775,10.1.0.1,15275,3,0.0-34.1,3457440,812029
20191031111415,10.1.0.1,15275,10.1.0.2,19775,3,0.0-34.0,3453030,812197,0.194,3,2352,0.128,0
20191031111415,10.1.0.2,19590,10.1.0.1,15090,3,0.0-78.7,7971810,809983
20191031111415,10.1.0.1,15090,10.1.0.2,19590,3,0.0-78.7,7968870,810095,0.157,2,5423,0.037,0
20191031111415,10.1.0.2,19810,10.1.0.1,15310,3,0.0-25.8,3160500,979966
20191031111415,10.1.0.1,15310,10.1.0.2,19810,3,0.0-25.8,3159030,980327,0.136,1,2150,0.047,0
20191031111415,10.1.0.2,19816,10.1.0.1,15316,3,0.0-24.0,485100,161791
20191031111415,10.1.0.1,15316,10.1.0.2,19816,3,0.0-24.0,485100,161917,0.093,0,330,0.000,0
20191031111416,10.1.0.2,19723,10.1.0.1,15223,3,0.0-46.4,5599230,965630
20191031111416,10.1.0.1,15223,10.1.0.2,19723,3,0.0-46.4,5597760,965828,0.050,1,3809,0.026,0
20191031111416,10.1.0.2,19836,10.1.0.1,15336,3,0.0-19.0,648270,273407
20191031111416,10.1.0.1,15336,10.1.0.2,19836,3,0.0-19.0,648270,273563,0.071,0,441,0.000,0
20191031111416,10.1.0.2,19536,10.1.0.1,15036,3,0.0-92.7,22036770,1902590
20191031111416,10.1.0.1,15036,10.1.0.2,19536,3,0.0-92.6,22032360,1902536,0.065,3,14991,0.020,0
20191031111416,10.1.0.2,19691,10.1.0.1,15191,3,0.0-55.4,3164910,456703
20191031111416,10.1.0.1,15191,10.1.0.2,19691,3,0.0-55.4,3163440,456878,0.783,1,2153,0.046,0
20191031111416,10.1.0.2,19710,10.1.0.1,15210,3,0.0-50.8,2892960,455679
20191031111417,10.1.0.1,15210,10.1.0.2,19710,3,0.0-50.8,2892960,455802,0.063,0,1968,0.000,0
20191031111417,10.1.0.2,19627,10.1.0.1,15127,3,0.0-72.2,5108250,566271
20191031111417,10.1.0.2,19871,10.1.0.1,15371,3,0.0-10.9,802620,590844
20191031111417,10.1.0.1,15127,10.1.0.2,19627,3,0.0-72.2,5108250,566356,0.153,0,3475,0.000,0
20191031111417,10.1.0.1,15371,10.1.0.2,19871,3,0.0-10.8,799680,591421,0.129,2,546,0.366,0
20191031111418,10.1.0.2,19684,10.1.0.1,15184,3,0.0-58.2,18669000,2568189
20191031111418,10.1.0.1,15184,10.1.0.2,19684,3,0.0-58.1,18667530,2568262,0.069,1,12700,0.008,0
20191031111418,10.1.0.2,19601,10.1.0.1,15101,3,0.0-79.1,17143140,1734654
20191031111418,10.1.0.1,15101,10.1.0.2,19601,3,0.0-79.1,17141670,1734669,0.067,1,11662,0.009,0
20191031111418,10.1.0.2,19567,10.1.0.1,15067,3,0.0-86.4,8884680,822271
20191031111418,10.1.0.1,15067,10.1.0.2,19567,3,0.0-86.4,8883210,822266,0.083,1,6044,0.017,0
20191031111418,10.1.0.2,19619,10.1.0.1,15119,3,0.0-76.2,6751710,708607
20191031111418,10.1.0.1,15119,10.1.0.2,19619,3,0.0-76.2,6750240,708600,0.067,1,4593,0.022,0
20191031111419,10.1.0.2,19694,10.1.0.1,15194,3,0.0-56.9,5452230,765950
20191031111419,10.1.0.1,15194,10.1.0.2,19694,3,0.0-56.9,5452230,766099,0.267,0,3709,0.000,0
20191031111419,10.1.0.2,19759,10.1.0.1,15259,3,0.0-41.3,7345590,1424382
20191031111419,10.1.0.1,15259,10.1.0.2,19759,3,0.0-41.2,7338240,1424379,0.126,5,4997,0.100,0
20191031111419,10.1.0.2,19703,10.1.0.1,15203,3,0.0-55.4,2900310,418815
20191031111419,10.1.0.1,15203,10.1.0.2,19703,3,0.0-55.4,2898840,418962,0.369,1,1973,0.051,0
20191031111419,10.1.0.2,19820,10.1.0.1,15320,3,0.0-26.7,126420,37887
20191031111419,10.1.0.1,15320,10.1.0.2,19820,3,0.0-26.7,126420,37901,0.094,0,86,0.000,0
20191031111420,10.1.0.2,19676,10.1.0.1,15176,3,0.0-63.0,1597890,202751
20191031111420,10.1.0.2,19666,10.1.0.1,15166,3,0.0-66.5,3228120,388095
20191031111420,10.1.0.1,15166,10.1.0.2,19666,3,0.0-66.5,3228120,388184,0.146,0,2196,0.000,0
20191031111420,10.1.0.1,15176,10.1.0.2,19676,3,0.0-63.0,1597890,202795,0.314,0,1087,0.000,0
20191031111420,10.1.0.2,19795,10.1.0.1,15295,3,0.0-35.2,5800620,1316861
20191031111420,10.1.0.1,15295,10.1.0.2,19795,3,0.0-35.2,5793270,1316869,0.072,5,3946,0.127,0
20191031111420,10.1.0.2,19558,10.1.0.1,15058,3,0.0-91.1,3613260,317439
20191031111421,10.1.0.1,15058,10.1.0.2,19558,3,0.0-91.1,3613260,317472,0.185,0,2458,0.000,0
20191031111421,10.1.0.2,19653,10.1.0.1,15153,3,0.0-69.8,2869440,328703
20191031111421,10.1.0.2,19640,10.1.0.1,15140,3,0.0-72.8,3808770,418815
20191031111421,10.1.0.1,15153,10.1.0.2,19653,3,0.0-69.8,2869440,328733,0.108,0,1952,0.000,0
20191031111421,10.1.0.2,19854,10.1.0.1,15354,3,0.0-18.8,1862490,793596
20191031111421,10.1.0.1,15354,10.1.0.2,19854,3,0.0-18.8,1862490,794352,0.206,0,1267,0.000,0
20191031111421,10.1.0.1,15140,10.1.0.2,19640,3,0.0-72.7,3808770,418840,0.221,0,2591,0.000,0
20191031111421,10.1.0.2,19834,10.1.0.1,15334,3,0.0-24.5,10559010,3452918
20191031111421,10.1.0.1,15334,10.1.0.2,19834,3,0.0-24.4,10536960,3452737,0.089,15,7183,0.209,0
20191031111422,10.1.0.2,19808,10.1.0.1,15308,3,0.0-33.2,280770,67583
20191031111422,10.1.0.1,15308,10.1.0.2,19808,3,0.0-33.2,280770,67639,0.177,0,191,0.000,0
20191031111422,10.1.0.2,19902,10.1.0.1,15402,3,0.0-9.5,169050,142334
20191031111422,10.1.0.1,15402,10.1.0.2,19902,3,0.0-9.5,169050,142537,0.214,0,115,0.000,0
20191031111422,10.1.0.2,19569,10.1.0.1,15069,3,0.0-90.3,1721370,152575
20191031111422,10.1.0.2,19602,10.1.0.1,15102,3,0.0-83.7,1049580,100351
20191031111422,10.1.0.1,15069,10.1.0.2,19569,3,0.0-90.2,1721370,152629,0.095,0,1171,0.000,0
20191031111422,10.1.0.1,15102,10.1.0.2,19602,3,0.0-83.6,1049580,100402,0.278,0,714,0.000,0
20191031111423,10.1.0.2,19643,10.1.0.1,15143,3,0.0-74.0,108780,11759
20191031111423,10.1.0.1,15143,10.1.0.2,19643,3,0.0-74.0,108780,11765,62.805,0,74,0.000,0
20191031111423,10.1.0.2,19803,10.1.0.1,15303,3,0.0-35.6,1447950,325631
20191031111423,10.1.0.2,19693,10.1.0.1,15193,3,0.0-61.7,35938560,4660219
20191031111423,10.1.0.1,15193,10.1.0.2,19693,3,0.0-61.7,35935620,4660224,0.069,2,24448,0.008,0
20191031111424,10.1.0.1,15303,10.1.0.2,19803,3,0.0-35.5,1447950,325846,0.306,0,985,0.000,0
20191031111424,10.1.0.2,19701,10.1.0.1,15201,3,0.0-60.8,1734600,228351
20191031111424,10.1.0.2,19846,10.1.0.1,15346,3,0.0-23.7,676200,228351
20191031111424,10.1.0.1,15201,10.1.0.2,19701,3,0.0-60.8,1734600,228388,0.106,0,1180,0.000,0
20191031111424,10.1.0.2,19757,10.1.0.1,15257,3,0.0-46.7,9315390,1596413
20191031111424,10.1.0.1,15257,10.1.0.2,19757,3,0.0-46.7,9312450,1596472,0.067,2,6337,0.032,0
20191031111424,10.1.0.2,19588,10.1.0.1,15088,3,0.0-88.4,3032610,274431
20191031111424,10.1.0.1,15088,10.1.0.2,19588,3,0.0-88.4,3032610,274441,0.120,0,2063,0.000,0
20191031111424,10.1.0.1,15346,10.1.0.2,19846,3,0.0-23.6,676200,228794,0.280,0,460,0.000,0
20191031111424,10.1.0.2,19587,10.1.0.1,15087,3,0.0-88.6,16871190,1522687
20191031111424,10.1.0.1,15087,10.1.0.2,19587,3,0.0-88.6,16871190,1522776,0.078,0,11477,0.000,0
20191031111425,10.1.0.2,19878,10.1.0.1,15378,3,0.0-16.4,132300,64511
20191031111425,10.1.0.1,15378,10.1.0.2,19878,3,0.0-16.4,132300,64569,62.637,0,90,0.000,0
20191031111425,10.1.0.2,19617,10.1.0.1,15117,3,0.0-83.2,18070710,1737727
20191031111425,10.1.0.1,15117,10.1.0.2,19617,3,0.0-83.2,18069240,1737788,0.083,1,12293,0.008,0
20191031111425,10.1.0.2,19837,10.1.0.1,15337,3,0.0-27.4,8750910,2558972
20191031111425,10.1.0.1,15337,10.1.0.2,19837,3,0.0-27.3,8736210,2559022,0.129,10,5953,0.168,0
20191031111426,10.1.0.2,19922,10.1.0.1,15422,3,0.0-5.2,3514770,5373858
20191031111426,10.1.0.1,15422,10.1.0.2,19922,3,0.0-5.2,3488310,5374918,0.075,18,2391,0.753,0
20191031111426,10.1.0.2,19685,10.1.0.1,15185,3,0.0-66.3,6941340,837630
20191031111426,10.1.0.1,15185,10.1.0.2,19685,3,0.0-66.3,6939870,837696,0.065,1,4722,0.021,0
20191031111426,10.1.0.2,19828,10.1.0.1,15328,3,0.0-31.9,1412670,354303
20191031111426,10.1.0.1,15328,10.1.0.2,19828,3,0.0-31.9,1412670,354495,0.072,0,961,0.000,0
20191031111427,10.1.0.2,19646,10.1.0.1,15146,3,0.0-76.9,4323270,449535
20191031111427,10.1.0.2,19573,10.1.0.1,15073,3,0.0-94.0,9431520,802815
20191031111427,10.1.0.1,15146,10.1.0.2,19646,3,0.0-76.9,4323270,449650,0.152,0,2941,0.000,0
20191031111427,10.1.0.2,19724,10.1.0.1,15224,3,0.0-57.4,1865430,260095
20191031111427,10.1.0.1,15224,10.1.0.2,19724,3,0.0-57.4,1865430,260148,0.120,0,1269,0.000,0
20191031111427,10.1.0.1,15073,10.1.0.2,19573,3,0.0-94.0,9428580,802843,0.186,2,6416,0.031,0
20191031111427,10.1.0.2,19613,10.1.0.1,15113,3,0.0-86.2,16906470,1569790
20191031111427,10.1.0.1,15113,10.1.0.2,19613,3,0.0-86.2,16906470,1569861,0.062,0,11501,0.000,0
20191031111428,10.1.0.2,19790,10.1.0.1,15290,3,0.0-43.2,530670,98303
20191031111428,10.1.0.1,15290,10.1.0.2,19790,3,0.0-43.2,530670,98351,62.620,0,361,0.000,0
20191031111428,10.1.0.2,19626,10.1.0.1,15126,3,0.0-83.6,19054140,1823742
20191031111428,10.1.0.1,15126,10.1.0.2,19626,3,0.0-83.6,19051200,1823725,0.085,2,12962,0.015,0
20191031111429,10.1.0.2,19566,10.1.0.1,15066,3,0.0-97.9,15765750,1288191
20191031111429,10.1.0.1,15066,10.1.0.2,19566,3,0.0-97.9,15764280,1288262,0.181,1,10725,0.009,0
20191031111429,10.1.0.2,19833,10.1.0.1,15333,3,0.0-32.2,2094750,520191
20191031111429,10.1.0.1,15333,10.1.0.2,19833,3,0.0-32.2,2091810,520311,0.136,2,1425,0.140,0
20191031111429,10.1.0.2,19754,10.1.0.1,15254,3,0.0-52.7,8943480,1358846
20191031111429,10.1.0.2,19887,10.1.0.1,15387,3,0.0-18.9,667380,282622
20191031111429,10.1.0.1,15387,10.1.0.2,19887,3,0.0-18.9,667380,282970,0.119,0,454,0.000,0
20191031111429,10.1.0.1,15254,10.1.0.2,19754,3,0.0-52.6,8936130,1358905,0.056,5,6084,0.082,0
20191031111429,10.1.0.2,19848,10.1.0.1,15348,3,0.0-28.8,1906590,529407
20191031111429,10.1.0.2,19910,10.1.0.1,15410,3,0.0-12.7,2099160,1324023
20191031111429,10.1.0.2,19702,10.1.0.1,15202,3,0.0-66.1,35828310,4336635
20191031111430,10.1.0.2,19913,10.1.0.1,15413,3,0.0-12.0,3229590,2151410
20191031111430,10.1.0.1,15413,10.1.0.2,19913,3,0.0-12.0,3222240,2151511,0.069,5,2197,0.228,0
20191031111430,10.1.0.1,15348,10.1.0.2,19848,3,0.0-28.8,1903650,529570,0.068,2,1297,0.154,0
20191031111430,10.1.0.1,15410,10.1.0.2,19910,3,0.0-12.6,2091810,1324183,0.069,5,1428,0.350,0
20191031111430,10.1.0.2,19682,10.1.0.1,15182,3,0.0-70.9,8030610,906239
20191031111430,10.1.0.1,15182,10.1.0.2,19682,3,0.0-70.9,8030610,906372,0.098,0,5463,0.000,0
20191031111430,10.1.0.1,15202,10.1.0.2,19702,3,0.0-66.1,35822430,4336628,0.067,4,24373,0.016,0
20191031111430,10.1.0.2,19794,10.1.0.1,15294,3,0.0-44.9,13663650,2433020
20191031111430,10.1.0.1,15294,10.1.0.2,19794,3,0.0-44.9,13662180,2432996,0.069,1,9295,0.011,0
20191031111430,10.1.0.2,19672,10.1.0.1,15172,3,0.0-75.1,16800630,1789950
20191031111430,10.1.0.1,15172,10.1.0.2,19672,3,0.0-75.1,16797690,1789951,0.111,2,11429,0.017,0
20191031111430,10.1.0.2,19625,10.1.0.1,15125,3,0.0-86.4,10091550,934911
20191031111431,10.1.0.1,15125,10.1.0.2,19625,3,0.0-86.3,10091550,935000,0.767,0,6865,0.000,0
20191031111431,10.1.0.2,19876,10.1.0.1,15376,3,0.0-22.6,269010,95231
20191031111431,10.1.0.1,15376,10.1.0.2,19876,3,0.0-22.6,269010,95370,0.522,0,183,0.000,0
20191031111431,10.1.0.2,19844,10.1.0.1,15344,3,0.0-31.8,1797810,451582
20191031111431,10.1.0.1,15344,10.1.0.2,19844,3,0.0-31.8,1797810,451834,0.127,0,1223,0.000,0
20191031111431,10.1.0.2,19888,10.1.0.1,15388,3,0.0-21.2,9907800,3746815
20191031111431,10.1.0.1,15388,10.1.0.2,19888,3,0.0-21.1,9904860,3746717,0.082,2,6740,0.030,0
20191031111432,10.1.0.2,19843,10.1.0.1,15343,3,0.0-33.0,743820,180223
20191031111432,10.1.0.1,15343,10.1.0.2,19843,3,0.0-33.0,743820,180516,0.086,0,506,0.000,0
20191031111432,10.1.0.2,19704,10.1.0.1,15204,3,0.0-68.6,8746500,1019902
20191031111432,10.1.0.1,15204,10.1.0.2,19704,3,0.0-68.6,8745030,1019923,0.061,1,5950,0.017,0
20191031111432,10.1.0.2,19758,10.1.0.1,15258,3,0.0-55.3,6782580,982015
20191031111432,10.1.0.2,19893,10.1.0.1,15393,3,0.0-21.6,2762130,1022973
20191031111432,10.1.0.1,15258,10.1.0.2,19758,3,0.0-55.2,6778170,982173,0.108,3,4614,0.065,0
20191031111432,10.1.0.1,15393,10.1.0.2,19893,3,0.0-21.6,2757720,1023004,0.472,3,1879,0.160,0
20191031111433,10.1.0.2,19835,10.1.0.1,15335,3,0.0-35.9,395430,88063
20191031111433,10.1.0.1,15335,10.1.0.2,19835,3,0.0-35.9,395430,88088,0.097,0,269,0.000,0
20191031111433,10.1.0.2,19783,10.1.0.1,15283,3,0.0-50.1,6797280,1084414
20191031111433,10.1.0.1,15283,10.1.0.2,19783,3,0.0-50.1,6797280,1084499,0.063,0,4624,0.000,0
20191031111433,10.1.0.2,19744,10.1.0.1,15244,3,0.0-59.4,2143260,288767
20191031111433,10.1.0.1,15244,10.1.0.2,19744,3,0.0-59.4,2143260,288816,0.090,0,1458,0.000,0
20191031111433,10.1.0.2,19609,10.1.0.1,15109,3,0.0-93.1,13959120,1199102
20191031111433,10.1.0.1,15109,10.1.0.2,19609,3,0.0-93.1,13959120,1199151,0.096,0,9496,0.000,0
20191031111434,10.1.0.2,19604,10.1.0.1,15104,3,0.0-94.0,4993590,424959
20191031111434,10.1.0.1,15104,10.1.0.2,19604,3,0.0-94.0,4993590,424991,0.065,0,3397,0.000,0
20191031111434,10.1.0.2,19677,10.1.0.1,15177,3,0.0-76.7,4733400,493567
20191031111434,10.1.0.2,19705,10.1.0.1,15205,3,0.0-70.2,11793810,1344511
20191031111434,10.1.0.1,15177,10.1.0.2,19677,3,0.0-76.7,4731930,493622,0.051,1,3220,0.031,0
20191031111434,10.1.0.1,15205,10.1.0.2,19705,3,0.0-70.2,11790870,1344499,0.077,2,8023,0.025,0
20191031111434,10.1.0.2,19687,10.1.0.1,15187,3,0.0-74.4,9368310,1007615
20191031111434,10.1.0.1,15187,10.1.0.2,19687,3,0.0-74.4,9368310,1007700,0.102,0,6373,0.000,0
20191031111434,10.1.0.2,19631,10.1.0.1,15131,3,0.0-88.7,329280,29695
20191031111434,10.1.0.2,19826,10.1.0.1,15326,3,0.0-40.2,1788990,356351
20191031111434,10.1.0.1,15131,10.1.0.2,19631,3,0.0-88.7,329280,29698,0.681,0,224,0.000,0
20191031111434,10.1.0.1,15326,10.1.0.2,19826,3,0.0-40.1,1788990,356626,0.085,0,1217,0.000,0
20191031111435,10.1.0.2,19739,10.1.0.1,15239,3,0.0-62.1,1462650,188415
20191031111435,10.1.0.1,15239,10.1.0.2,19739,3,0.0-62.1,1462650,188470,62.669,0,995,0.000,0
20191031111435,10.1.0.2,19633,10.1.0.1,15133,3,0.0-88.8,8893500,800767
20191031111435,10.1.0.1,15133,10.1.0.2,19633,3,0.0-88.8,8893500,800879,0.164,0,6050,0.000,0
20191031111435,10.1.0.2,19680,10.1.0.1,15180,3,0.0-77.0,17691450,1837054
20191031111435,10.1.0.2,19798,10.1.0.1,15298,3,0.0-48.8,10220910,1675262
20191031111435,10.1.0.1,15180,10.1.0.2,19680,3,0.0-77.0,17684100,1837071,0.073,5,12035,0.042,0
20191031111435,10.1.0.2,19611,10.1.0.1,15111,3,0.0-94.6,14014980,1184767
20191031111436,10.1.0.1,15111,10.1.0.2,19611,3,0.0-94.6,14014980,1184824,0.046,0,9534,0.000,0
20191031111436,10.1.0.2,19776,10.1.0.1,15276,3,0.0-54.6,6532680,957438
20191031111436,10.1.0.1,15276,10.1.0.2,19776,3,0.0-54.6,6532680,957531,0.059,0,4444,0.000,0
20191031111436,10.1.0.1,15298,10.1.0.2,19798,3,0.0-48.8,10212090,1675340,0.093,6,6953,0.086,0
20191031111436,10.1.0.2,19769,10.1.0.1,15269,3,0.0-56.1,4145400,590846
20191031111436,10.1.0.1,15269,10.1.0.2,19769,3,0.0-56.1,4145400,590959,0.113,0,2820,0.000,0
20191031111436,10.1.0.2,19944,10.1.0.1,15444,3,0.0-9.9,808500,653308
20191031111436,10.1.0.1,15444,10.1.0.2,19944,3,0.0-9.9,808500,654043,0.068,0,550,0.000,0
20191031111436,10.1.0.2,19914,10.1.0.1,15414,3,0.0-17.2,4540830,2107381
20191031111436,10.1.0.1,15414,10.1.0.2,19914,3,0.0-17.2,4536420,2107424,0.097,3,3089,0.097,0
20191031111436,10.1.0.2,19819,10.1.0.1,15319,3,0.0-43.8,12858090,2348029
20191031111436,10.1.0.1,15319,10.1.0.2,19819,3,0.0-43.8,12843390,2348136,0.061,10,8747,0.114,0
20191031111436,10.1.0.2,19831,10.1.0.1,15331,3,0.0-40.3,2670990,530430
20191031111436,10.1.0.1,15331,10.1.0.2,19831,3,0.0-40.2,2668050,530464,0.061,2,1817,0.110,0
20191031111436,10.1.0.2,19921,10.1.0.1,15421,3,0.0-16.6,532140,257022
20191031111436,10.1.0.1,15421,10.1.0.2,19921,3,0.0-16.5,530670,256909,0.609,1,362,0.276,0
20191031111437,10.1.0.2,19597,10.1.0.1,15097,3,0.0-98.8,1189230,96255
20191031111437,10.1.0.1,15097,10.1.0.2,19597,3,0.0-98.7,1187760,96255,0.086,1,809,0.124,0
20191031111437,10.1.0.2,19612,10.1.0.1,15112,3,0.0-95.9,10900050,909311
20191031111437,10.1.0.1,15112,10.1.0.2,19612,3,0.0-95.9,10897110,909332,0.151,2,7415,0.027,0
20191031111437,10.1.0.2,19659,10.1.0.1,15159,3,0.0-85.7,17787000,1660926
20191031111437,10.1.0.1,15159,10.1.0.2,19659,3,0.0-85.7,17785530,1660841,0.067,1,12100,0.008,0
20191031111438,10.1.0.2,19916,10.1.0.1,15416,3,0.0-18.5,386610,166911
20191031111438,10.1.0.1,15416,10.1.0.2,19916,3,0.0-18.5,386610,167043,0.443,0,263,0.000,0
20191031111438,10.1.0.2,19608,10.1.0.1,15108,3,0.0-97.6,27255270,2234366
20191031111438,10.1.0.1,15108,10.1.0.2,19608,3,0.0-97.6,27252330,2234375,0.073,2,18541,0.011,0
20191031111438,10.1.0.2,19880,10.1.0.1,15380,3,0.0-29.2,6087270,1665019
20191031111438,10.1.0.1,15380,10.1.0.2,19880,3,0.0-29.2,6082860,1665201,0.069,3,4141,0.072,0
20191031111438,10.1.0.2,19746,10.1.0.1,15246,3,0.0-62.9,11317530,1438718
20191031111438,10.1.0.1,15246,10.1.0.2,19746,3,0.0-62.9,11313120,1438844,0.084,3,7699,0.039,0
20191031111438,10.1.0.2,19692,10.1.0.1,15192,3,0.0-76.9,22867320,2378751
20191031111438,10.1.0.1,15192,10.1.0.2,19692,3,0.0-76.9,22852620,2378765,0.061,10,15556,0.064,0
20191031111438,10.1.0.2,19961,10.1.0.1,15461,3,0.0-10.1,3161970,2509804
20191031111438,10.1.0.2,19623,10.1.0.1,15123,3,0.0-94.6,6698790,566271
20191031111438,10.1.0.1,15123,10.1.0.2,19623,3,0.0-94.6,6697320,566287,0.050,1,4557,0.022,0
20191031111438,10.1.0.1,15461,10.1.0.2,19961,3,0.0-10.1,3154620,2510108,0.078,5,2151,0.232,0
20191031111439,10.1.0.2,19607,10.1.0.1,15107,3,0.0-98.6,13046250,1058815
20191031111439,10.1.0.1,15107,10.1.0.2,19607,3,0.0-98.5,13041840,1058869,0.298,3,8875,0.034,0
20191031111439,10.1.0.2,19641,10.1.0.1,15141,3,0.0-90.6,28679700,2533375
20191031111439,10.1.0.1,15141,10.1.0.2,19641,3,0.0-90.6,28678230,2533351,0.060,1,19510,0.005,0
20191031111440,10.1.0.2,19891,10.1.0.1,15391,3,0.0-29.4,804090,219135
20191031111440,10.1.0.1,15391,10.1.0.2,19891,3,0.0-29.3,802620,219137,0.121,1,547,0.183,0
20191031111440,10.1.0.2,19667,10.1.0.1,15167,3,0.0-86.3,10409070,964607
20191031111440,10.1.0.1,15167,10.1.0.2,19667,3,0.0-86.3,10407600,964609,0.059,1,7081,0.014,0
20191031111440,10.1.0.2,19678,10.1.0.1,15178,3,0.0-83.0,14544180,1401854
20191031111440,10.1.0.1,15178,10.1.0.2,19678,3,0.0-83.0,14538300,1401909,0.085,4,9894,0.040,0
20191031111440,10.1.0.2,19630,10.1.0.1,15130,3,0.0-95.2,8520120,715775
20191031111440,10.1.0.1,15130,10.1.0.2,19630,3,0.0-95.2,8517180,715767,0.079,2,5796,0.035,0
20191031111441,10.1.0.2,19690,10.1.0.1,15190,3,0.0-80.1,25234020,2520061
20191031111441,10.1.0.1,15190,10.1.0.2,19690,3,0.0-80.1,25229610,2520039,0.091,3,17166,0.017,0
20191031111441,10.1.0.2,19867,10.1.0.1,15367,3,0.0-36.5,3023790,662526
20191031111442,10.1.0.2,19824,10.1.0.1,15324,3,0.0-47.6,45931620,7720945
20191031111442,10.1.0.1,15367,10.1.0.2,19867,3,0.0-36.5,3023790,662611,0.087,0,2057,0.000,0
20191031111442,10.1.0.1,15324,10.1.0.2,19824,3,0.0-47.6,45905160,7720839,0.090,18,31246,0.058,0
20191031111442,10.1.0.2,19904,10.1.0.1,15404,3,0.0-28.0,5634510,1607676
20191031111442,10.1.0.1,15404,10.1.0.2,19904,3,0.0-28.0,5633040,1607696,0.107,1,3833,0.026,0
20191031111442,10.1.0.2,19628,10.1.0.1,15128,3,0.0-97.0,16253790,1340415
20191031111442,10.1.0.1,15128,10.1.0.2,19628,3,0.0-97.0,16249380,1340413,0.065,3,11057,0.027,0
20191031111442,10.1.0.2,19725,10.1.0.1,15225,3,0.0-72.6,10431120,1148926
20191031111442,10.1.0.1,15225,10.1.0.2,19725,3,0.0-72.6,10426710,1148927,0.051,3,7096,0.042,0
20191031111442,10.1.0.2,19930,10.1.0.1,15430,3,0.0-20.2,414540,163839
20191031111442,10.1.0.2,19683,10.1.0.1,15183,3,0.0-83.1,4945080,476159
20191031111442,10.1.0.1,15183,10.1.0.2,19683,3,0.0-83.0,4943610,476229,0.069,1,3364,0.030,0
20191031111442,10.1.0.2,19663,10.1.0.1,15163,3,0.0-90.3,820260,72703
20191031111442,10.1.0.1,15430,10.1.0.2,19930,3,0.0-20.2,413070,163840,0.094,1,282,0.355,0
20191031111442,10.1.0.1,15163,10.1.0.2,19663,3,0.0-90.2,820260,72711,0.154,0,558,0.000,0
20191031111443,10.1.0.2,19749,10.1.0.1,15249,3,0.0-67.7,3147270,371711
20191031111443,10.1.0.1,15249,10.1.0.2,19749,3,0.0-67.7,3145800,371709,0.250,1,2141,0.047,0
20191031111444,10.1.0.2,19784,10.1.0.1,15284,3,0.0-60.5,2012430,266239
20191031111444,10.1.0.1,15284,10.1.0.2,19784,3,0.0-60.4,2012430,266413,0.094,0,1369,0.000,0
20191031111444,10.1.0.2,19806,10.1.0.1,15306,3,0.0-55.6,2884140,414719
20191031111444,10.1.0.1,15306,10.1.0.2,19806,3,0.0-55.6,2882670,414777,0.066,1,1962,0.051,0
20191031111444,10.1.0.2,19636,10.1.0.1,15136,3,0.0-97.4,9578520,786431
20191031111444,10.1.0.1,15136,10.1.0.2,19636,3,0.0-97.4,9577050,786449,0.080,1,6516,0.015,0
20191031111444,10.1.0.2,19923,10.1.0.1,15423,3,0.0-23.7,3742620,1262588
20191031111444,10.1.0.1,15423,10.1.0.2,19923,3,0.0-23.7,3739680,1262605,0.072,2,2546,0.079,0
20191031111445,10.1.0.2,19797,10.1.0.1,15297,3,0.0-58.8,4493790,611327
20191031111445,10.1.0.1,15297,10.1.0.2,19797,3,0.0-58.8,4490850,611377,0.080,2,3057,0.065,0
20191031111446,10.1.0.2,19788,10.1.0.1,15288,3,0.0-61.6,2647470,344063
20191031111446,10.1.0.2,19939,10.1.0.1,15439,3,0.0-21.2,244020,92159
20191031111446,10.1.0.1,15439,10.1.0.2,19939,3,0.0-21.2,244020,92189,0.101,0,166,0.000,0
20191031111446,10.1.0.2,19968,10.1.0.1,15468,3,0.0-16.5,3727920,1803255
20191031111446,10.1.0.1,15468,10.1.0.2,19968,3,0.0-16.5,3726450,1803163,0.071,1,2536,0.039,0
20191031111446,10.1.0.2,19873,10.1.0.1,15373,3,0.0-38.5,305760,63487
20191031111446,10.1.0.1,15373,10.1.0.2,19873,3,0.0-38.5,305760,63493,0.105,0,208,0.000,0
20191031111446,10.1.0.1,15288,10.1.0.2,19788,3,0.0-61.5,2647470,344153,0.080,0,1801,0.000,0
20191031111447,10.1.0.2,19841,10.1.0.1,15341,3,0.0-47.7,2071230,347135
20191031111447,10.1.0.1,15341,10.1.0.2,19841,3,0.0-47.7,2071230,347173,0.089,0,1409,0.000,0
20191031111447,10.1.0.2,19730,10.1.0.1,15230,3,0.0-75.6,1509690,159743
20191031111447,10.1.0.1,15230,10.1.0.2,19730,3,0.0-75.6,1509690,159778,1.079,0,1027,0.000,0
20191031111447,10.1.0.2,19977,10.1.0.1,15477,3,0.0-14.7,1715490,933882
20191031111447,10.1.0.1,15477,10.1.0.2,19977,3,0.0-14.7,1711080,934301,0.137,3,1167,0.257,0
20191031111447,10.1.0.2,19813,10.1.0.1,15313,3,0.0-57.2,14323680,2002942
20191031111448,10.1.0.2,19852,10.1.0.1,15352,3,0.0-46.3,26978910,4658169
20191031111448,10.1.0.1,15352,10.1.0.2,19852,3,0.0-46.3,26958330,4658170,0.064,14,18353,0.076,0
20191031111448,10.1.0.1,15313,10.1.0.2,19813,3,0.0-57.2,14322210,2003016,0.105,1,9744,0.010,0
20191031111448,10.1.0.2,19668,10.1.0.1,15168,3,0.0-93.3,18267690,1565695
20191031111448,10.1.0.1,15168,10.1.0.2,19668,3,0.0-93.3,18267690,1565764,0.072,0,12427,0.000,0
20191031111448,10.1.0.2,19774,10.1.0.1,15274,3,0.0-67.5,3819060,452607
20191031111448,10.1.0.1,15274,10.1.0.2,19774,3,0.0-67.5,3819060,452628,0.113,0,2598,0.000,0
20191031111448,10.1.0.2,19736,10.1.0.1,15236,3,0.0-75.6,10995600,1163263
20191031111448,10.1.0.1,15236,10.1.0.2,19736,3,0.0-75.6,10991190,1163309,0.070,3,7480,0.040,0
20191031111448,10.1.0.2,19720,10.1.0.1,15220,3,0.0-79.4,1087800,109567
20191031111448,10.1.0.1,15220,10.1.0.2,19720,3,0.0-79.4,1087800,109629,0.070,0,740,0.000,0
20191031111448,10.1.0.2,19990,10.1.0.1,15490,3,0.0-11.7,945210,648187
20191031111449,10.1.0.1,15490,10.1.0.2,19990,3,0.0-11.6,943740,648680,0.058,1,643,0.156,0
20191031111449,10.1.0.2,19711,10.1.0.1,15211,3,0.0-83.0,122010,11759
20191031111449,10.1.0.1,15211,10.1.0.2,19711,3,0.0-83.0,122010,11763,62.579,0,83,0.000,0
20191031111449,10.1.0.2,19959,10.1.0.1,15459,3,0.0-21.0,4537890,1732607
20191031111449,10.1.0.1,15459,10.1.0.2,19959,3,0.0-20.9,4529070,1733065,0.380,6,3087,0.194,0
20191031111449,10.1.0.2,19669,10.1.0.1,15169,3,0.0-94.8,12611130,1063935
20191031111449,10.1.0.1,15169,10.1.0.2,19669,3,0.0-94.8,12611130,1063983,0.089,0,8579,0.000,0
20191031111450,10.1.0.2,19857,10.1.0.1,15357,3,0.0-47.5,3326610,560127
20191031111450,10.1.0.1,15357,10.1.0.2,19857,3,0.0-47.5,3326610,560184,0.077,0,2263,0.000,0
20191031111450,10.1.0.2,19874,10.1.0.1,15374,3,0.0-42.6,7987980,1500157
20191031111450,10.1.0.1,15374,10.1.0.2,19874,3,0.0-42.6,7982100,1500207,0.077,4,5434,0.074,0
20191031111451,10.1.0.2,19858,10.1.0.1,15358,3,0.0-47.7,513030,86015
20191031111451,10.1.0.1,15358,10.1.0.2,19858,3,0.0-47.7,513030,86035,0.306,0,349,0.000,0
20191031111451,10.1.0.2,19722,10.1.0.1,15222,3,0.0-81.7,3295740,322559
20191031111451,10.1.0.1,15222,10.1.0.2,19722,3,0.0-81.7,3295740,322642,0.131,0,2242,0.000,0
20191031111451,10.1.0.2,19920,10.1.0.1,15420,3,0.0-31.6,12764010,3235830
20191031111451,10.1.0.1,15420,10.1.0.2,19920,3,0.0-31.5,12744900,3235843,0.079,13,8683,0.150,0
20191031111452,10.1.0.2,19719,10.1.0.1,15219,3,0.0-83.0,3050250,293887
20191031111452,10.1.0.1,15219,10.1.0.2,19719,3,0.0-83.0,3050250,293901,62.814,0,2075,0.000,0
20191031111452,10.1.0.2,19931,10.1.0.1,15431,3,0.0-29.9,12960990,3466230
20191031111452,10.1.0.1,15431,10.1.0.2,19931,3,0.0-29.9,12956580,3466283,0.071,3,8817,0.034,0
20191031111452,10.1.0.2,19696,10.1.0.1,15196,3,0.0-90.1,27043590,2400255
20191031111452,10.1.0.1,15196,10.1.0.2,19696,3,0.0-90.1,27040650,2400224,0.074,2,18397,0.011,0
20191031111452,10.1.0.2,19956,10.1.0.1,15456,3,0.0-24.9,4315920,1385468
20191031111452,10.1.0.1,15456,10.1.0.2,19956,3,0.0-24.9,4310040,1385916,0.067,4,2936,0.136,0
20191031111452,10.1.0.2,19949,10.1.0.1,15449,3,0.0-25.9,2344650,724990
20191031111453,10.1.0.1,15449,10.1.0.2,19949,3,0.0-25.9,2343180,725004,0.077,1,1595,0.063,0
20191031111453,10.1.0.2,19936,10.1.0.1,15436,3,0.0-29.1,1896300,521214
20191031111453,10.1.0.1,15436,10.1.0.2,19936,3,0.0-29.1,1894830,521394,0.819,1,1290,0.078,0
20191031111453,10.1.0.2,19991,10.1.0.1,15491,3,0.0-16.2,1844850,912378
20191031111453,10.1.0.2,19907,10.1.0.1,15407,3,0.0-37.5,1880130,401407
20191031111453,10.1.0.2,19786,10.1.0.1,15286,3,0.0-69.5,2623950,302079
20191031111453,10.1.0.2,19879,10.1.0.1,15379,3,0.0-44.7,4723110,844798
20191031111453,10.1.0.1,15491,10.1.0.2,19991,3,0.0-16.2,1844850,912703,0.210,0,1255,0.000,0
20191031111453,10.1.0.1,15407,10.1.0.2,19907,3,0.0-37.4,1880130,401692,0.479,0,1279,0.000,0
20191031111453,10.1.0.2,19895,10.1.0.1,15395,3,0.0-41.5,1668450,321535
20191031111453,10.1.0.1,15395,10.1.0.2,19895,3,0.0-41.5,1666980,321537,0.360,1,1135,0.088,0
20191031111454,10.1.0.1,15286,10.1.0.2,19786,3,0.0-69.5,2623950,302115,0.096,0,1785,0.000,0
20191031111454,10.1.0.1,15379,10.1.0.2,19879,3,0.0-44.7,4718700,844888,0.145,3,3213,0.093,0
20191031111454,10.1.0.2,19715,10.1.0.1,15215,3,0.0-87.4,1487640,136191
20191031111454,10.1.0.1,15215,10.1.0.2,19715,3,0.0-87.4,1487640,136199,0.102,0,1012,0.000,0
20191031111454,10.1.0.2,19785,10.1.0.1,15285,3,0.0-70.5,28832580,3270652
20191031111454,10.1.0.2,19839,10.1.0.1,15339,3,0.0-55.9,2316720,331775
20191031111454,10.1.0.1,15339,10.1.0.2,19839,3,0.0-55.8,2315250,331773,0.068,1,1576,0.063,0
20191031111454,10.1.0.1,15285,10.1.0.2,19785,3,0.0-70.5,28823760,3270680,0.091,6,19614,0.031,0
20191031111454,10.1.0.2,19791,10.1.0.1,15291,3,0.0-70.0,4868640,556031
20191031111454,10.1.0.1,15291,10.1.0.2,19791,3,0.0-70.0,4868640,556076,0.075,0,3312,0.000,0
20191031111455,10.1.0.2,19718,10.1.0.1,15218,3,0.0-86.9,12374460,1138686
20191031111455,10.1.0.1,15218,10.1.0.2,19718,3,0.0-86.9,12371520,1138675,0.114,2,8418,0.024,0
20191031111455,10.1.0.2,19750,10.1.0.1,15250,3,0.0-79.4,3138450,316415
20191031111455,10.1.0.1,15250,10.1.0.2,19750,3,0.0-79.3,3138450,316544,0.113,0,2135,0.000,0
20191031111456,10.1.0.2,19864,10.1.0.1,15364,3,0.0-51.1,21669270,3391483
20191031111456,10.1.0.2,19859,10.1.0.1,15359,3,0.0-52.7,6562080,995326
20191031111456,10.1.0.2,20013,10.1.0.1,15513,3,0.0-14.5,2309370,1275897
20191031111456,10.1.0.1,15513,10.1.0.2,20013,3,0.0-14.5,2307900,1275937,0.075,1,1571,0.064,0
20191031111456,10.1.0.1,15364,10.1.0.2,19864,3,0.0-51.1,21663390,3391474,0.088,4,14741,0.027,0
20191031111456,10.1.0.1,15359,10.1.0.2,19859,3,0.0-52.7,6557670,995327,0.072,3,4464,0.067,0
20191031111456,10.1.0.2,19850,10.1.0.1,15350,3,0.0-55.7,4017510,576511
20191031111457,10.1.0.1,15350,10.1.0.2,19850,3,0.0-55.7,4016040,576506,0.068,1,2733,0.037,0
20191031111457,10.1.0.2,19801,10.1.0.1,15301,3,0.0-69.4,12336240,1421310
20191031111457,10.1.0.1,15301,10.1.0.2,19801,3,0.0-69.4,12328890,1421427,0.068,5,8392,0.060,0
20191031111457,10.1.0.2,19851,10.1.0.1,15351,3,0.0-55.5,5403720,779263
20191031111457,10.1.0.1,15351,10.1.0.2,19851,3,0.0-55.5,5403720,779352,0.080,0,3676,0.000,0
20191031111457,10.1.0.2,19780,10.1.0.1,15280,3,0.0-74.9,17197530,1838078
20191031111457,10.1.0.1,15280,10.1.0.2,19780,3,0.0-74.8,17196060,1838165,0.065,1,11699,0.009,0
20191031111457,10.1.0.2,20001,10.1.0.1,15501,3,0.0-18.3,2175600,951290
20191031111457,10.1.0.1,15501,10.1.0.2,20001,3,0.0-18.3,2172660,951333,0.140,2,1480,0.135,0
20191031111457,10.1.0.2,19748,10.1.0.1,15248,3,0.0-81.9,16008300,1563647
20191031111457,10.1.0.2,19925,10.1.0.1,15425,3,0.0-36.7,10381140,2259963
20191031111457,10.1.0.1,15248,10.1.0.2,19748,3,0.0-81.9,16008300,1563714,0.089,0,10890,0.000,0
20191031111458,10.1.0.2,19763,10.1.0.1,15263,3,0.0-79.1,526260,53247
20191031111458,10.1.0.1,15425,10.1.0.2,19925,3,0.0-36.7,10376730,2259953,0.061,3,7062,0.042,0
20191031111458,10.1.0.1,15263,10.1.0.2,19763,3,0.0-78.8,524790,53247,62.600,1,358,0.279,0
20191031111458,10.1.0.2,20027,10.1.0.1,15527,3,0.0-13.1,194040,118783
20191031111458,10.1.0.1,15527,10.1.0.2,20027,3,0.0-13.1,194040,118819,0.110,0,132,0.000,0
20191031111458,10.1.0.2,19866,10.1.0.1,15366,3,0.0-53.0,3379530,509951
20191031111458,10.1.0.1,15366,10.1.0.2,19866,3,0.0-53.0,3379530,510111,0.121,0,2299,0.000,0
20191031111458,10.1.0.2,19883,10.1.0.1,15383,3,0.0-48.6,9669660,1593341
20191031111458,10.1.0.2,19817,10.1.0.1,15317,3,0.0-66.1,6836970,827390
20191031111458,10.1.0.1,15383,10.1.0.2,19883,3,0.0-48.5,9662310,1593384,0.090,5,6578,0.076,0
20191031111458,10.1.0.1,15317,10.1.0.2,19817,3,0.0-66.1,6836970,827478,0.108,0,4651,0.000,0
20191031111458,10.1.0.2,19793,10.1.0.1,15293,3,0.0-73.6,5671260,616447
20191031111458,10.1.0.1,15293,10.1.0.2,19793,3,0.0-73.6,5671260,616504,0.103,0,3858,0.000,0
20191031111459,10.1.0.2,19778,10.1.0.1,15278,3,0.0-76.9,28739970,2990077
20191031111459,10.1.0.1,15278,10.1.0.2,19778,3,0.0-76.9,28734090,2990047,0.092,4,19551,0.020,0
20191031111459,10.1.0.2,19751,10.1.0.1,15251,3,0.0-82.9,5981430,577535
20191031111459,10.1.0.1,15251,10.1.0.2,19751,3,0.0-82.8,5981430,577621,0.428,0,4069,0.000,0
20191031111459,10.1.0.2,19815,10.1.0.1,15315,3,0.0-68.5,13344660,1558526
20191031111459,10.1.0.1,15315,10.1.0.2,19815,3,0.0-68.5,13344660,1558630,0.146,0,9078,0.000,0
20191031111459,10.1.0.2,19733,10.1.0.1,15233,3,0.0-87.7,1796340,163839
20191031111500,10.1.0.1,15233,10.1.0.2,19733,3,0.0-87.7,1796340,163873,0.076,0,1222,0.000,0
20191031111500,10.1.0.2,19884,10.1.0.1,15384,3,0.0-50.3,6025530,957438
20191031111500,10.1.0.2,19870,10.1.0.1,15370,3,0.0-53.6,4257120,634879
20191031111500,10.1.0.1,15370,10.1.0.2,19870,3,0.0-53.6,4257120,635027,0.129,0,2896,0.000,0
20191031111500,10.1.0.1,15384,10.1.0.2,19884,3,0.0-50.3,6019650,957429,0.068,4,4099,0.098,0
20191031111500,10.1.0.2,19782,10.1.0.1,15282,3,0.0-77.2,18940950,1964030
20191031111500,10.1.0.1,15282,10.1.0.2,19782,3,0.0-77.1,18933600,1964079,0.062,5,12885,0.039,0
20191031111500,10.1.0.2,19708,10.1.0.1,15208,3,0.0-95.9,11601240,967679
20191031111500,10.1.0.2,20029,10.1.0.1,15529,3,0.0-15.3,6856080,3583980
20191031111500,10.1.0.1,15208,10.1.0.2,19708,3,0.0-95.9,11601240,967734,0.067,0,7892,0.000,0
20191031111500,10.1.0.1,15529,10.1.0.2,20029,3,0.0-15.3,6851670,3584159,0.079,3,4664,0.064,0
20191031111500,10.1.0.2,20041,10.1.0.1,15541,3,0.0-13.4,308700,184318
20191031111500,10.1.0.1,15541,10.1.0.2,20041,3,0.0-13.4,308700,184389,0.087,0,210,0.000,0
20191031111500,10.1.0.2,19903,10.1.0.1,15403,3,0.0-47.7,10367910,1738749
20191031111500,10.1.0.1,15403,10.1.0.2,19903,3,0.0-47.7,10366440,1738826,0.069,1,7053,0.014,0
20191031111501,10.1.0.2,19999,10.1.0.1,15499,3,0.0-23.1,9534420,3298292
20191031111501,10.1.0.1,15499,10.1.0.2,19999,3,0.0-23.1,9516780,3298241,0.815,12,6486,0.185,0
20191031111501,10.1.0.2,19909,10.1.0.1,15409,3,0.0-44.7,8670060,1552381
20191031111501,10.1.0.1,15409,10.1.0.2,19909,3,0.0-44.6,8662710,1552376,0.321,5,5898,0.085,0
20191031111501,10.1.0.2,19911,10.1.0.1,15411,3,0.0-43.9,1453830,265215
20191031111501,10.1.0.1,15411,10.1.0.2,19911,3,0.0-43.8,1453830,265296,0.053,0,989,0.000,0
20191031111501,10.1.0.2,19761,10.1.0.1,15261,3,0.0-83.3,2654820,254975
20191031111501,10.1.0.1,15261,10.1.0.2,19761,3,0.0-83.3,2654820,255028,0.072,0,1806,0.000,0
20191031111502,10.1.0.2,20014,10.1.0.1,15514,3,0.0-20.0,29400,11759
20191031111502,10.1.0.1,15514,10.1.0.2,20014,3,0.0-20.0,29400,11780,62.562,0,20,0.000,0
20191031111502,10.1.0.2,19747,10.1.0.1,15247,3,0.0-86.3,3844050,356351
20191031111502,10.1.0.1,15247,10.1.0.2,19747,3,0.0-86.3,3844050,356398,0.081,0,2615,0.000,0
20191031111502,10.1.0.2,19840,10.1.0.1,15340,3,0.0-64.1,14097300,1760254
20191031111502,10.1.0.2,19963,10.1.0.1,15463,3,0.0-34.1,549780,129023
20191031111502,10.1.0.1,15340,10.1.0.2,19840,3,0.0-64.0,14092890,1760358,0.082,3,9590,0.031,0
20191031111503,10.1.0.2,19947,10.1.0.1,15447,3,0.0-36.2,1377390,304127
20191031111503,10.1.0.1,15447,10.1.0.2,19947,3,0.0-36.2,1377390,304265,0.130,0,937,0.000,0
20191031111503,10.1.0.2,19714,10.1.0.1,15214,3,0.0-96.1,1242150,103423
20191031111503,10.1.0.2,19716,10.1.0.1,15216,3,0.0-95.5,1527330,127999
20191031111503,10.1.0.2,19807,10.1.0.1,15307,3,0.0-74.0,1686090,182271
20191031111503,10.1.0.1,15216,10.1.0.2,19716,3,0.0-95.4,1527330,128043,0.102,0,1039,0.000,0
20191031111503,10.1.0.1,15463,10.1.0.2,19963,3,0.0-34.1,549780,129044,0.143,0,374,0.000,0
20191031111503,10.1.0.1,15307,10.1.0.2,19807,3,0.0-74.0,1686090,182327,0.178,0,1147,0.000,0
20191031111503,10.1.0.1,15214,10.1.0.2,19714,3,0.0-96.1,1242150,103427,62.638,0,845,0.000,0
20191031111503,10.1.0.2,19760,10.1.0.1,15260,3,0.0-85.5,3238410,303103
20191031111503,10.1.0.2,19827,10.1.0.1,15327,3,0.0-69.0,3629430,420863
20191031111503,10.1.0.1,15327,10.1.0.2,19827,3,0.0-68.9,3627960,420996,0.055,1,2469,0.041,0
20191031111504,10.1.0.1,15260,10.1.0.2,19760,3,0.0-85.4,3236940,303100,0.082,1,2203,0.045,0
20191031111504,10.1.0.2,19766,10.1.0.1,15266,3,0.0-84.6,27899130,2636798
20191031111504,10.1.0.2,19713,10.1.0.1,15213,3,0.0-97.3,9255120,760831
20191031111504,10.1.0.1,15266,10.1.0.2,19766,3,0.0-84.6,27891780,2636813,0.075,5,18979,0.026,0
20191031111504,10.1.0.1,15213,10.1.0.2,19713,3,0.0-97.3,9250710,760856,0.062,3,6296,0.048,0
20191031111504,10.1.0.2,19735,10.1.0.1,15235,3,0.0-91.8,11327820,987135
20191031111504,10.1.0.1,15235,10.1.0.2,19735,3,0.0-91.8,11326350,987202,0.084,1,7706,0.013,0
20191031111504,10.1.0.2,20045,10.1.0.1,15545,3,0.0-16.5,12117210,5892064
20191031111504,10.1.0.1,15545,10.1.0.2,20045,3,0.0-16.4,12089280,5892295,0.060,19,8243,0.230,0
20191031111504,10.1.0.2,19918,10.1.0.1,15418,3,0.0-44.8,13873860,2476028
20191031111504,10.1.0.2,20066,10.1.0.1,15566,3,0.0-9.8,1494990,1214456
20191031111504,10.1.0.1,15418,10.1.0.2,19918,3,0.0-44.8,13872390,2476147,0.071,1,9438,0.011,0
20191031111504,10.1.0.1,15566,10.1.0.2,20066,3,0.0-9.8,1493520,1215342,0.088,1,1017,0.098,0
20191031111505,10.1.0.2,19881,10.1.0.1,15381,3,0.0-55.8,12784590,1831933
20191031111505,10.1.0.1,15381,10.1.0.2,19881,3,0.0-55.8,12775770,1831852,0.069,6,8697,0.069,0
20191031111505,10.1.0.2,19825,10.1.0.1,15325,3,0.0-70.9,53768190,6069240
20191031111505,10.1.0.1,15325,10.1.0.2,19825,3,0.0-70.9,53754960,6069006,1.276,9,36577,0.025,0
20191031111505,10.1.0.2,19753,10.1.0.1,15253,3,0.0-88.7,13369650,1206270
20191031111505,10.1.0.1,15253,10.1.0.2,19753,3,0.0-88.7,13368180,1206356,0.374,1,9095,0.011,0
20191031111505,10.1.0.2,19993,10.1.0.1,15493,3,0.0-28.1,2372580,674814
20191031111505,10.1.0.1,15493,10.1.0.2,19993,3,0.0-28.1,2371110,675019,0.521,1,1614,0.062,0
20191031111505,10.1.0.2,19717,10.1.0.1,15217,3,0.0-97.5,20775510,1704958
20191031111505,10.1.0.1,15217,10.1.0.2,19717,3,0.0-97.5,20775510,1705015,0.073,0,14133,0.000,0
20191031111506,10.1.0.2,20091,10.1.0.1,15591,3,0.0-5.5,1788990,2603994
20191031111506,10.1.0.1,15591,10.1.0.2,20091,3,0.0-5.5,1787520,2606000,0.076,1,1217,0.082,0
20191031111506,10.1.0.2,20068,10.1.0.1,15568,3,0.0-11.4,906990,634876
20191031111506,10.1.0.1,15568,10.1.0.2,20068,3,0.0-11.4,902580,634916,0.074,3,617,0.486,0
20191031111506,10.1.0.2,19742,10.1.0.1,15242,3,0.0-93.2,4030740,346111
20191031111507,10.1.0.1,15242,10.1.0.2,19742,3,0.0-93.2,4030740,346153,0.075,0,2742,0.000,0
20191031111507,10.1.0.2,19800,10.1.0.1,15300,3,0.0-79.7,26870130,2698237
20191031111507,10.1.0.1,15300,10.1.0.2,19800,3,0.0-79.6,26859840,2698206,0.061,7,18279,0.038,0
20191031111507,10.1.0.2,19899,10.1.0.1,15399,3,0.0-54.7,2666580,390143
20191031111507,10.1.0.1,15399,10.1.0.2,19899,3,0.0-54.7,2666580,390185,0.060,0,1814,0.000,0
20191031111507,10.1.0.2,19892,10.1.0.1,15392,3,0.0-56.3,12356820,1755131
20191031111507,10.1.0.1,15392,10.1.0.2,19892,3,0.0-56.3,12356820,1755297,0.117,0,8406,0.000,0
20191031111507,10.1.0.2,20000,10.1.0.1,15500,3,0.0-29.2,3780840,1034238
20191031111507,10.1.0.1,15500,10.1.0.2,20000,3,0.0-29.2,3780840,1034427,0.113,0,2572,0.000,0
20191031111508,10.1.0.2,19872,10.1.0.1,15372,3,0.0-60.8,13757730,1811453
20191031111508,10.1.0.1,15372,10.1.0.2,19872,3,0.0-60.7,13745970,1811433,0.075,8,9359,0.085,0
20191031111508,10.1.0.2,20009,10.1.0.1,15509,3,0.0-26.7,1697850,507903
20191031111508,10.1.0.1,15509,10.1.0.2,20009,3,0.0-26.7,1697850,508112,0.069,0,1155,0.000,0
20191031111508,10.1.0.2,19917,10.1.0.1,15417,3,0.0-48.5,8008560,1320958
20191031111508,10.1.0.1,15417,10.1.0.2,19917,3,0.0-48.5,8004150,1320957,0.041,3,5448,0.055,0
20191031111508,10.1.0.2,19738,10.1.0.1,15238,3,0.0-95.7,25491270,2130943
20191031111508,10.1.0.2,19894,10.1.0.1,15394,3,0.0-57.0,416010,58367
20191031111508,10.1.0.1,15238,10.1.0.2,19738,3,0.0-95.7,25482450,2130951,0.080,6,17341,0.035,0
20191031111508,10.1.0.2,19954,10.1.0.1,15454,3,0.0-40.8,1258320,246783
20191031111508,10.1.0.1,15454,10.1.0.2,19954,3,0.0-40.7,1256850,246787,0.131,1,856,0.117,0
20191031111508,10.1.0.1,15394,10.1.0.2,19894,3,0.0-56.8,414540,58368,0.071,1,283,0.353,0
20191031111509,10.1.0.2,19919,10.1.0.1,15419,3,0.0-49.5,15312990,2473979
20191031111509,10.1.0.2,19889,10.1.0.1,15389,3,0.0-58.9,9221310,1253374
20191031111509,10.1.0.1,15419,10.1.0.2,19919,3,0.0-49.5,15307110,2473918,0.110,4,10417,0.038,0
20191031111509,10.1.0.1,15389,10.1.0.2,19889,3,0.0-58.8,9218370,1253368,0.190,2,6273,0.032,0
20191031111509,10.1.0.2,19731,10.1.0.1,15231,3,0.0-97.9,6000540,490495
20191031111509,10.1.0.1,15231,10.1.0.2,19731,3,0.0-97.8,5999070,490519,0.193,1,4082,0.024,0
20191031111510,10.1.0.2,20075,10.1.0.1,15575,3,0.0-13.8,229320,133119
20191031111510,10.1.0.1,15575,10.1.0.2,20075,3,0.0-13.8,229320,133221,0.096,0,156,0.000,0
20191031111510,10.1.0.2,20035,10.1.0.1,15535,3,0.0-23.7,21034230,7102440
20191031111510,10.1.0.1,15535,10.1.0.2,20035,3,0.0-23.7,21019530,7102645,0.063,10,14309,0.070,0
20191031111510,10.1.0.2,19765,10.1.0.1,15265,3,0.0-91.3,13582800,1189887
20191031111510,10.1.0.1,15265,10.1.0.2,19765,3,0.0-91.3,13576920,1189922,0.075,4,9240,0.043,0
20191031111511,10.1.0.2,19928,10.1.0.1,15428,3,0.0-49.3,9305100,1510398
20191031111511,10.1.0.1,15428,10.1.0.2,19928,3,0.0-49.3,9302160,1510526,0.070,2,6330,0.032,0
20191031111511,10.1.0.2,20010,10.1.0.1,15510,3,0.0-29.7,12142200,3265525
20191031111511,10.1.0.1,15510,10.1.0.2,20010,3,0.0-29.7,12137790,3265474,0.974,3,8260,0.036,0
20191031111511,10.1.0.2,19823,10.1.0.1,15323,3,0.0-77.5,8205540,846847
20191031111511,10.1.0.1,15323,10.1.0.2,19823,3,0.0-77.5,8204070,846844,0.075,1,5582,0.018,0
20191031111511,10.1.0.2,19811,10.1.0.1,15311,3,0.0-81.8,868770,84991
20191031111511,10.1.0.1,15311,10.1.0.2,19811,3,0.0-81.8,868770,84994,0.100,0,591,0.000,0
20191031111512,10.1.0.2,20019,10.1.0.1,15519,3,0.0-29.1,5540430,1524730
20191031111512,10.1.0.1,15519,10.1.0.2,20019,3,0.0-29.1,5538960,1524713,0.064,1,3769,0.027,0
20191031111512,10.1.0.2,19789,10.1.0.1,15289,3,0.0-87.7,12131910,1106943
20191031111512,10.1.0.1,15289,10.1.0.2,19789,3,0.0-87.7,12131910,1107017,0.068,0,8253,0.000,0
20191031111512,10.1.0.2,19847,10.1.0.1,15347,3,0.0-71.8,21409080,2383869
20191031111512,10.1.0.1,15347,10.1.0.2,19847,3,0.0-71.8,21395850,2383820,0.050,9,14564,0.062,0
20191031111513,10.1.0.2,19950,10.1.0.1,15450,3,0.0-46.1,4925970,854015
20191031111513,10.1.0.1,15450,10.1.0.2,19950,3,0.0-46.1,4924500,854011,0.098,1,3351,0.030,0
20191031111513,10.1.0.2,20058,10.1.0.1,15558,3,0.0-20.3,6726720,2646007
20191031111513,10.1.0.2,19861,10.1.0.1,15361,3,0.0-69.1,5628630,651263
20191031111513,10.1.0.2,19953,10.1.0.1,15453,3,0.0-45.9,1387680,241663
20191031111513,10.1.0.1,15558,10.1.0.2,20058,3,0.0-20.3,6716430,2646119,0.084,7,4576,0.153,0
20191031111513,10.1.0.1,15453,10.1.0.2,19953,3,0.0-45.9,1386210,241652,0.085,1,944,0.106,0
20191031111513,10.1.0.2,20109,10.1.0.1,15609,3,0.0-5.1,618870,979959
20191031111514,10.1.0.1,15361,10.1.0.2,19861,3,0.0-69.1,5627160,651414,0.473,1,3829,0.026,0
20191031111514,10.1.0.1,15609,10.1.0.2,20109,3,0.0-5.0,614460,980554,0.110,3,421,0.713,0
20191031111514,10.1.0.2,19830,10.1.0.1,15330,3,0.0-78.0,114660,11759
20191031111514,10.1.0.1,15330,10.1.0.2,19830,3,0.0-78.0,114660,11762,62.907,0,78,0.000,0
20191031111515,10.1.0.2,19926,10.1.0.1,15426,3,0.0-53.5,1115730,166911
20191031111515,10.1.0.1,15426,10.1.0.2,19926,3,0.0-53.5,1115730,166937,0.091,0,759,0.000,0
20191031111515,10.1.0.2,19773,10.1.0.1,15273,3,0.0-95.1,2713620,228351
20191031111515,10.1.0.2,19938,10.1.0.1,15438,3,0.0-50.5,665910,105471
20191031111515,10.1.0.1,15273,10.1.0.2,19773,3,0.0-95.0,2713620,228416,0.067,0,1846,0.000,0
20191031111515,10.1.0.1,15438,10.1.0.2,19938,3,0.0-50.5,665910,105531,0.083,0,453,0.000,0
20191031111515,10.1.0.2,19845,10.1.0.1,15345,3,0.0-75.6,2988510,316415
20191031111515,10.1.0.1,15345,10.1.0.2,19845,3,0.0-75.6,2988510,316448,0.075,0,2033,0.000,0
20191031111516,10.1.0.2,20003,10.1.0.1,15503,3,0.0-36.2,8752380,1935356
20191031111516,10.1.0.1,15503,10.1.0.2,20003,3,0.0-36.2,8747970,1935510,0.076,3,5954,0.050,0
20191031111516,10.1.0.2,20034,10.1.0.1,15534,3,0.0-30.0,2457840,654334
20191031111516,10.1.0.1,15534,10.1.0.2,20034,3,0.0-30.0,2453430,654336,0.085,3,1672,0.179,0
20191031111516,10.1.0.2,19969,10.1.0.1,15469,3,0.0-46.8,1436190,245759
20191031111516,10.1.0.2,19855,10.1.0.1,15355,3,0.0-74.1,2010960,217087
20191031111516,10.1.0.1,15469,10.1.0.2,19969,3,0.0-46.7,1436190,245896,0.136,0,977,0.000,0
20191031111516,10.1.0.1,15355,10.1.0.2,19855,3,0.0-74.1,2010960,217100,0.106,0,1368,0.000,0
20191031111517,10.1.0.2,20053,10.1.0.1,15553,3,0.0-25.0,812910,260095
20191031111517,10.1.0.1,15553,10.1.0.2,20053,3,0.0-25.0,812910,260283,0.068,0,553,0.000,0
20191031111517,10.1.0.2,19984,10.1.0.1,15484,3,0.0-41.3,2103570,407551
20191031111517,10.1.0.2,19849,10.1.0.1,15349,3,0.0-76.4,13381410,1401854
20191031111517,10.1.0.1,15349,10.1.0.2,19849,3,0.0-76.4,13381410,1401955,0.074,0,9103,0.000,0
20191031111517,10.1.0.1,15484,10.1.0.2,19984,3,0.0-41.3,2103570,407642,0.074,0,1431,0.000,0
20191031111517,10.1.0.2,19994,10.1.0.1,15494,3,0.0-40.4,3357480,665598
20191031111517,10.1.0.1,15494,10.1.0.2,19994,3,0.0-40.3,3356010,665672,0.319,1,2284,0.044,0
20191031111518,10.1.0.2,20015,10.1.0.1,15515,3,0.0-35.6,13338780,2996220
20191031111518,10.1.0.1,15515,10.1.0.2,20015,3,0.0-35.6,13335840,2996144,0.067,2,9074,0.022,0
20191031111518,10.1.0.2,20043,10.1.0.1,15543,3,0.0-30.7,4520250,1178620
20191031111518,10.1.0.1,15543,10.1.0.2,20043,3,0.0-30.7,4517310,1178575,0.087,2,3075,0.065,0
20191031111518,10.1.0.2,20044,10.1.0.1,15544,3,0.0-30.9,3229590,836606
20191031111518,10.1.0.1,15544,10.1.0.2,20044,3,0.0-30.8,3226650,836944,0.063,2,2197,0.091,0
20191031111519,10.1.0.2,20033,10.1.0.1,15533,3,0.0-33.6,7648410,1821692
20191031111519,10.1.0.1,15533,10.1.0.2,20033,3,0.0-33.5,7639590,1822045,0.245,6,5203,0.115,0
20191031111520,10.1.0.2,20119,10.1.0.1,15619,3,0.0-9.0,91140,80895
20191031111520,10.1.0.1,15619,10.1.0.2,20119,3,0.0-9.0,91140,81117,62.615,0,62,0.000,0
20191031111520,10.1.0.2,20086,10.1.0.1,15586,3,0.0-21.0,2490180,948220
20191031111520,10.1.0.1,15586,10.1.0.2,20086,3,0.0-21.0,2484300,948390,0.086,4,1694,0.236,0
20191031111520,10.1.0.2,20107,10.1.0.1,15607,3,0.0-11.7,2024190,1379320
20191031111520,10.1.0.1,15607,10.1.0.2,20107,3,0.0-11.7,2024190,1379868,0.090,0,1377,0.000,0
20191031111520,10.1.0.2,19960,10.1.0.1,15460,3,0.0-52.1,3816120,585727
20191031111520,10.1.0.1,15460,10.1.0.2,19960,3,0.0-52.1,3814650,585736,0.074,1,2596,0.039,0
20191031111520,10.1.0.2,20017,10.1.0.1,15517,3,0.0-38.4,4624620,964607
20191031111520,10.1.0.2,19989,10.1.0.1,15489,3,0.0-43.8,2031540,370687
20191031111520,10.1.0.1,15489,10.1.0.2,19989,3,0.0-43.8,2030070,370777,0.123,1,1382,0.072,0
20191031111521,10.1.0.1,15517,10.1.0.2,20017,3,0.0-38.3,4621680,964604,0.081,2,3146,0.064,0
20191031111521,10.1.0.2,20025,10.1.0.1,15525,3,0.0-36.4,279300,61439
20191031111521,10.1.0.2,20052,10.1.0.1,15552,3,0.0-29.3,10170930,2779129
20191031111521,10.1.0.1,15552,10.1.0.2,20052,3,0.0-29.3,10167990,2779220,0.079,2,6919,0.029,0
20191031111521,10.1.0.2,20120,10.1.0.1,15620,3,0.0-10.3,151410,117759
20191031111521,10.1.0.1,15620,10.1.0.2,20120,3,0.0-10.2,149940,117764,0.084,1,103,0.971,0
20191031111521,10.1.0.1,15525,10.1.0.2,20025,3,0.0-36.4,279300,61465,62.606,0,190,0.000,0
20191031111521,10.1.0.2,19924,10.1.0.1,15424,3,0.0-60.7,761460,100351
20191031111521,10.1.0.1,15424,10.1.0.2,19924,3,0.0-60.7,761460,100437,0.084,0,518,0.000,0
20191031111521,10.1.0.2,19875,10.1.0.1,15375,3,0.0-73.8,26074860,2828286
20191031111522,10.1.0.1,15375,10.1.0.2,19875,3,0.0-73.7,26063100,2828253,0.098,8,17738,0.045,0
20191031111522,10.1.0.2,19940,10.1.0.1,15440,3,0.0-56.9,5859420,823295
20191031111522,10.1.0.1,15440,10.1.0.2,19940,3,0.0-56.9,5855010,823330,0.174,3,3986,0.075,0
20191031111522,10.1.0.2,19809,10.1.0.1,15309,3,0.0-92.9,1331820,114687
20191031111522,10.1.0.1,15309,10.1.0.2,19809,3,0.0-92.9,1331820,114718,0.075,0,906,0.000,0
20191031111522,10.1.0.2,20110,10.1.0.1,15610,3,0.0-13.6,574770,337917
20191031111522,10.1.0.1,15610,10.1.0.2,20110,3,0.0-13.6,574770,338057,0.191,0,391,0.000,0
20191031111522,10.1.0.2,20085,10.1.0.1,15585,3,0.0-23.6,2538690,862204
20191031111522,10.1.0.1,15585,10.1.0.2,20085,3,0.0-23.5,2537220,862233,0.098,1,1727,0.058,0
20191031111522,10.1.0.2,19975,10.1.0.1,15475,3,0.0-50.3,5593350,888830
20191031111522,10.1.0.2,19912,10.1.0.1,15412,3,0.0-65.0,4370310,537599
20191031111522,10.1.0.1,15412,10.1.0.2,19912,3,0.0-65.0,4370310,537672,0.067,0,2973,0.000,0
20191031111522,10.1.0.1,15475,10.1.0.2,19975,3,0.0-50.3,5590410,889034,0.087,2,3805,0.053,0
20191031111523,10.1.0.2,19863,10.1.0.1,15363,3,0.0-78.0,708540,72703
20191031111523,10.1.0.1,15363,10.1.0.2,19863,3,0.0-77.9,708540,72727,62.568,0,482,0.000,0
20191031111523,10.1.0.2,19974,10.1.0.1,15474,3,0.0-51.1,895230,140287
20191031111523,10.1.0.2,19792,10.1.0.1,15292,3,0.0-98.2,29245650,2382846
20191031111523,10.1.0.1,15474,10.1.0.2,19974,3,0.0-51.0,895230,140309,0.090,0,609,0.000,0
20191031111523,10.1.0.1,15292,10.1.0.2,19792,3,0.0-98.2,29244180,2382865,0.085,1,19895,0.005,0
20191031111523,10.1.0.2,20074,10.1.0.1,15574,3,0.0-27.4,316050,92159
20191031111523,10.1.0.1,15574,10.1.0.2,20074,3,0.0-27.3,314580,92162,0.126,1,215,0.465,0
20191031111523,10.1.0.2,19898,10.1.0.1,15398,3,0.0-71.1,16315530,1837053
20191031111523,10.1.0.2,20024,10.1.0.1,15524,3,0.0-39.1,3019380,617471
20191031111523,10.1.0.1,15398,10.1.0.2,19898,3,0.0-71.0,16309650,1837109,0.076,4,11099,0.036,0
20191031111523,10.1.0.1,15524,10.1.0.2,20024,3,0.0-39.1,3017910,617472,0.391,1,2054,0.049,0
20191031111524,10.1.0.2,20054,10.1.0.1,15554,3,0.0-31.7,6403320,1617917
20191031111524,10.1.0.1,15554,10.1.0.2,20054,3,0.0-31.6,6387150,1617916,0.079,11,4356,0.253,0
20191031111524,10.1.0.2,20051,10.1.0.1,15551,3,0.0-32.5,695310,171007
20191031111524,10.1.0.1,15551,10.1.0.2,20051,3,0.0-32.5,695310,171169,0.182,0,473,0.000,0
20191031111524,10.1.0.2,19856,10.1.0.1,15356,3,0.0-82.0,4986240,486399
20191031111524,10.1.0.1,15356,10.1.0.2,19856,3,0.0-82.0,4986240,486435,0.122,0,3392,0.000,0
20191031111525,10.1.0.2,20078,10.1.0.1,15578,3,0.0-28.6,7560210,2117627
20191031111525,10.1.0.1,15578,10.1.0.2,20078,3,0.0-28.5,7546980,2117502,0.079,9,5143,0.175,0
20191031111525,10.1.0.2,19829,10.1.0.1,15329,3,0.0-89.7,26383560,2354174
20191031111525,10.1.0.1,15329,10.1.0.2,19829,3,0.0-89.6,26376210,2354203,0.058,5,17948,0.028,0
20191031111525,10.1.0.2,19905,10.1.0.1,15405,3,0.0-70.8,8201130,926719
20191031111525,10.1.0.2,19957,10.1.0.1,15457,3,0.0-57.7,310170,43007
20191031111525,10.1.0.1,15405,10.1.0.2,19905,3,0.0-70.8,8196720,926835,0.064,3,5579,0.054,0
20191031111525,10.1.0.1,15457,10.1.0.2,19957,3,0.0-57.7,310170,43018,0.595,0,211,0.000,0
20191031111526,10.1.0.2,20123,10.1.0.1,15623,3,0.0-14.0,608580,347134
20191031111526,10.1.0.1,15623,10.1.0.2,20123,3,0.0-14.0,607110,347218,0.262,1,414,0.242,0
20191031111526,10.1.0.2,20040,10.1.0.1,15540,3,0.0-38.9,3022320,621567
20191031111526,10.1.0.1,15540,10.1.0.2,20040,3,0.0-38.9,3019380,621632,0.139,2,2056,0.097,0
20191031111526,10.1.0.2,19821,10.1.0.1,15321,3,0.0-93.4,31553550,2703358
20191031111526,10.1.0.1,15321,10.1.0.2,19821,3,0.0-93.3,31543260,2703371,0.062,7,21465,0.033,0
20191031111526,10.1.0.2,19804,10.1.0.1,15304,3,0.0-98.5,1689030,137215
20191031111526,10.1.0.1,15304,10.1.0.2,19804,3,0.0-98.5,1689030,137227,0.111,0,1149,0.000,0
20191031111526,10.1.0.2,19897,10.1.0.1,15397,3,0.0-74.2,389550,41983
20191031111526,10.1.0.1,15397,10.1.0.2,19897,3,0.0-74.2,389550,42013,0.860,0,265,0.000,0
20191031111526,10.1.0.2,19896,10.1.0.1,15396,3,0.0-74.4,599760,64511
20191031111526,10.1.0.1,15396,10.1.0.2,19896,3,0.0-74.4,599760,64532,0.120,0,408,0.000,0
20191031111526,10.1.0.2,20062,10.1.0.1,15562,3,0.0-33.2,4662840,1124350
20191031111526,10.1.0.1,15562,10.1.0.2,20062,3,0.0-33.2,4659900,1124501,0.059,2,3172,0.063,0
20191031111527,10.1.0.2,20037,10.1.0.1,15537,3,0.0-40.8,485100,95231
20191031111527,10.1.0.2,19799,10.1.0.1,15299,3,0.0-99.9,383670,30719
20191031111527,10.1.0.1,15299,10.1.0.2,19799,3,0.0-99.9,383670,30731,0.076,0,261,0.000,0
20191031111527,10.1.0.1,15537,10.1.0.2,20037,3,0.0-40.7,485100,95245,0.081,0,330,0.000,0
20191031111527,10.1.0.2,19983,10.1.0.1,15483,3,0.0-51.6,6322470,979966
20191031111527,10.1.0.1,15483,10.1.0.2,19983,3,0.0-51.6,6316590,979966,0.092,4,4301,0.093,0
20191031111527,10.1.0.2,19885,10.1.0.1,15385,3,0.0-77.1,4720170,489471
20191031111527,10.1.0.2,20098,10.1.0.1,15598,3,0.0-24.1,2907660,964604
20191031111527,10.1.0.1,15598,10.1.0.2,20098,3,0.0-24.1,2906190,964627,0.427,1,1978,0.051,0
20191031111528,10.1.0.1,15385,10.1.0.2,19885,3,0.0-77.1,4720170,489575,0.088,0,3211,0.000,0
20191031111528,10.1.0.2,19842,10.1.0.1,15342,3,0.0-88.6,4323270,390143
20191031111528,10.1.0.1,15342,10.1.0.2,19842,3,0.0-88.6,4323270,390229,0.424,0,2941,0.000,0
20191031111528,10.1.0.2,19981,10.1.0.1,15481,3,0.0-53.4,34958070,5237751
20191031111528,10.1.0.2,20108,10.1.0.1,15608,3,0.0-19.7,798210,323583
20191031111528,10.1.0.1,15481,10.1.0.2,19981,3,0.0-53.3,34921320,5237619,0.055,25,23781,0.105,0
20191031111528,10.1.0.1,15608,10.1.0.2,20108,3,0.0-19.7,798210,323652,0.317,0,543,0.000,0
20191031111528,10.1.0.2,20067,10.1.0.1,15567,3,0.0-33.9,3930780,928765
20191031111528,10.1.0.1,15567,10.1.0.2,20067,3,0.0-33.8,3927840,929029,0.061,2,2674,0.075,0
20191031111528,10.1.0.2,19812,10.1.0.1,15312,3,0.0-98.3,4264470,347135
20191031111528,10.1.0.1,15312,10.1.0.2,19812,3,0.0-98.2,4261530,347132,0.104,2,2901,0.069,0
20191031111528,10.1.0.2,19955,10.1.0.1,15455,3,0.0-61.0,249900,32767
20191031111528,10.1.0.2,19869,10.1.0.1,15369,3,0.0-82.7,34694940,3355645
20191031111529,10.1.0.1,15455,10.1.0.2,19955,3,0.0-60.7,248430,32768,0.057,1,170,0.588,0
20191031111529,10.1.0.1,15369,10.1.0.2,19869,3,0.0-82.7,34683180,3355568,0.073,8,23602,0.034,0
20191031111529,10.1.0.2,19818,10.1.0.1,15318,3,0.0-96.5,34569990,2867197
20191031111529,10.1.0.1,15318,10.1.0.2,19818,3,0.0-96.4,34553820,2867141,0.070,11,23517,0.047,0
20191031111529,10.1.0.2,20077,10.1.0.1,15577,3,0.0-32.8,1267140,309247
20191031111529,10.1.0.2,20016,10.1.0.1,15516,3,0.0-47.0,5394900,918526
20191031111529,10.1.0.1,15577,10.1.0.2,20077,3,0.0-32.7,1265670,309516,0.101,1,862,0.116,0
20191031111529,10.1.0.1,15516,10.1.0.2,20016,3,0.0-47.0,5394900,918711,0.069,0,3670,0.000,0
20191031111529,10.1.0.2,20083,10.1.0.1,15583,3,0.0-31.3,3469200,885757
20191031111529,10.1.0.1,15583,10.1.0.2,20083,3,0.0-31.3,3469200,885970,0.582,0,2360,0.000,0
20191031111530,10.1.0.2,19877,10.1.0.1,15377,3,0.0-81.8,12064290,1179647
20191031111530,10.1.0.1,15377,10.1.0.2,19877,3,0.0-81.8,12062820,1179634,0.081,1,8207,0.012,0
20191031111530,10.1.0.2,19908,10.1.0.1,15408,3,0.0-74.5,3213420,345087
20191031111530,10.1.0.2,19958,10.1.0.1,15458,3,0.0-62.9,3228120,410623
20191031111530,10.1.0.1,15408,10.1.0.2,19908,3,0.0-74.5,3213420,345128,0.067,0,2186,0.000,0
20191031111531,10.1.0.2,19838,10.1.0.1,15338,3,0.0-92.4,7864500,680959
20191031111531,10.1.0.2,20106,10.1.0.1,15606,3,0.0-22.8,639450,224255
20191031111531,10.1.0.1,15458,10.1.0.2,19958,3,0.0-62.9,3228120,410687,0.116,0,2196,0.000,0
20191031111531,10.1.0.1,15338,10.1.0.2,19838,3,0.0-92.4,7864500,681047,62.583,0,5350,0.000,0
20191031111531,10.1.0.1,15606,10.1.0.2,20106,3,0.0-22.8,637980,224261,62.809,1,435,0.230,0
20191031111531,10.1.0.2,20004,10.1.0.1,15504,3,0.0-51.0,17857560,2798587
20191031111531,10.1.0.1,15504,10.1.0.2,20004,3,0.0-51.0,17856090,2798654,0.071,1,12148,0.008,0
20191031111531,10.1.0.2,19832,10.1.0.1,15332,3,0.0-95.1,8080590,679935
20191031111531,10.1.0.1,15332,10.1.0.2,19832,3,0.0-95.1,8080590,679997,0.478,0,5497,0.000,0
20191031111532,10.1.0.2,19900,10.1.0.1,15400,3,0.0-79.6,1690500,169983
20191031111532,10.1.0.1,15400,10.1.0.2,19900,3,0.0-79.6,1690500,169996,0.238,0,1150,0.000,0
20191031111532,10.1.0.2,20056,10.1.0.1,15556,3,0.0-39.8,1636110,328703
20191031111532,10.1.0.1,15556,10.1.0.2,20056,3,0.0-39.8,1634640,328703,0.206,1,1113,0.090,0
20191031111532,10.1.0.2,20127,10.1.0.1,15627,3,0.0-20.2,8389290,3321848
20191031111532,10.1.0.1,15627,10.1.0.2,20127,3,0.0-20.2,8380470,3321909,0.076,6,5707,0.105,0
20191031111532,10.1.0.2,20089,10.1.0.1,15589,3,0.0-32.9,18327960,4457465
20191031111532,10.1.0.1,15589,10.1.0.2,20089,3,0.0-32.9,18314730,4457477,0.074,9,12468,0.072,0
20191031111533,10.1.0.2,20152,10.1.0.1,15652,3,0.0-14.4,2981160,1652722
20191031111533,10.1.0.1,15652,10.1.0.2,20152,3,0.0-14.4,2978220,1652682,0.060,2,2028,0.099,0
20191031111534,10.1.0.2,20125,10.1.0.1,15625,3,0.0-21.9,3936660,1438715
20191031111534,10.1.0.2,19868,10.1.0.1,15368,3,0.0-88.5,4033680,364543
20191031111534,10.1.0.1,15625,10.1.0.2,20125,3,0.0-21.9,3932250,1438925,0.082,3,2678,0.112,0
20191031111534,10.1.0.1,15368,10.1.0.2,19868,3,0.0-88.5,4033680,364627,0.075,0,2744,0.000,0
20191031111535,10.1.0.2,19937,10.1.0.1,15437,3,0.0-70.4,12902190,1466367
20191031111535,10.1.0.1,15437,10.1.0.2,19937,3,0.0-70.3,12893370,1466428,0.059,6,8777,0.068,0
20191031111535,10.1.0.2,20142,10.1.0.1,15642,3,0.0-18.7,1214220,519165
20191031111535,10.1.0.1,15642,10.1.0.2,20142,3,0.0-18.7,1212750,519424,0.100,1,826,0.121,0
20191031111535,10.1.0.2,20129,10.1.0.1,15629,3,0.0-22.5,981960,349182
20191031111535,10.1.0.1,15629,10.1.0.2,20129,3,0.0-22.5,981960,349408,0.637,0,668,0.000,0
20191031111536,10.1.0.2,19934,10.1.0.1,15434,3,0.0-72.4,6911940,763903
20191031111536,10.1.0.1,15434,10.1.0.2,19934,3,0.0-72.4,6911940,763965,0.363,0,4702,0.000,0
20191031111536,10.1.0.2,20049,10.1.0.1,15549,3,0.0-45.3,9632910,1700860
20191031111536,10.1.0.1,15549,10.1.0.2,20049,3,0.0-45.3,9632910,1701050,0.073,0,6553,0.000,0
20191031111536,10.1.0.2,20171,10.1.0.1,15671,3,0.0-12.0,879060,586749
20191031111536,10.1.0.1,15671,10.1.0.2,20171,3,0.0-12.0,879060,587227,0.103,0,598,0.000,0
20191031111536,10.1.0.2,19943,10.1.0.1,15443,3,0.0-70.2,9269820,1055743
20191031111536,10.1.0.1,15443,10.1.0.2,19943,3,0.0-70.2,9266880,1055737,0.081,2,6306,0.032,0
20191031111537,10.1.0.2,19865,10.1.0.1,15365,3,0.0-91.7,998130,87039
20191031111537,10.1.0.1,15365,10.1.0.2,19865,3,0.0-91.7,998130,87047,62.620,0,679,0.000,0
20191031111537,10.1.0.2,20038,10.1.0.1,15538,3,0.0-50.2,520380,82943
20191031111537,10.1.0.1,15538,10.1.0.2,20038,3,0.0-50.2,520380,82965,62.768,0,354,0.000,0
20191031111537,10.1.0.2,20008,10.1.0.1,15508,3,0.0-56.2,5906460,840703
20191031111537,10.1.0.1,15508,10.1.0.2,20008,3,0.0-56.2,5904990,840884,0.052,1,4018,0.025,0
20191031111537,10.1.0.2,20156,10.1.0.1,15656,3,0.0-16.4,1242150,605181
20191031111537,10.1.0.1,15656,10.1.0.2,20156,3,0.0-16.4,1240680,605596,0.069,1,845,0.118,0
20191031111537,10.1.0.2,20160,10.1.0.1,15660,3,0.0-15.7,2175600,1112058
20191031111537,10.1.0.1,15660,10.1.0.2,20160,3,0.0-15.6,2175600,1112462,0.426,0,1480,0.000,0
20191031111538,10.1.0.2,19853,10.1.0.1,15353,3,0.0-95.6,22285200,1864703
20191031111538,10.1.0.2,19862,10.1.0.1,15362,3,0.0-93.4,51157470,4380668
20191031111538,10.1.0.1,15353,10.1.0.2,19853,3,0.0-95.6,22285200,1864759,0.141,0,15160,0.000,0
20191031111538,10.1.0.1,15362,10.1.0.2,19862,3,0.0-93.4,51145710,4380627,0.084,8,34801,0.023,0
20191031111538,10.1.0.2,20048,10.1.0.1,15548,3,0.0-48.2,1425900,236543
20191031111538,10.1.0.1,15548,10.1.0.2,20048,3,0.0-48.2,1425900,236617,0.110,0,970,0.000,0
20191031111538,10.1.0.2,19890,10.1.0.1,15390,3,0.0-87.9,6118140,557055
20191031111538,10.1.0.1,15390,10.1.0.2,19890,3,0.0-87.8,6116670,557079,0.102,1,4162,0.024,0
20191031111539,10.1.0.2,19992,10.1.0.1,15492,3,0.0-61.6,3351600,435199
20191031111539,10.1.0.1,15492,10.1.0.2,19992,3,0.0-61.6,3350130,435248,0.132,1,2280,0.044,0
20191031111539,10.1.0.2,20055,10.1.0.1,15555,3,0.0-46.9,6666450,1136638
20191031111539,10.1.0.1,15555,10.1.0.2,20055,3,0.0-46.9,6657630,1136644,0.066,6,4535,0.132,0
20191031111539,10.1.0.2,20126,10.1.0.1,15626,3,0.0-27.2,6966330,2049017
20191031111539,10.1.0.2,20095,10.1.0.1,15595,3,0.0-36.5,1644930,360447
20191031111539,10.1.0.1,15626,10.1.0.2,20126,3,0.0-27.2,6958980,2049038,0.073,5,4739,0.106,0
20191031111539,10.1.0.1,15595,10.1.0.2,20095,3,0.0-36.5,1643460,360454,0.061,1,1119,0.089,0
20191031111539,10.1.0.2,20201,10.1.0.1,15701,3,0.0-6.1,1264200,1659888
20191031111539,10.1.0.1,15701,10.1.0.2,20201,3,0.0-6.1,1262730,1660118,0.065,1,860,0.116,0
20191031111540,10.1.0.2,20042,10.1.0.1,15542,3,0.0-52.8,3258990,493567
20191031111540,10.1.0.1,15542,10.1.0.2,20042,3,0.0-52.8,3258990,493625,0.245,0,2217,0.000,0
20191031111540,10.1.0.2,19901,10.1.0.1,15401,3,0.0-87.4,11144070,1019903
20191031111540,10.1.0.1,15401,10.1.0.2,19901,3,0.0-87.4,11142600,1019925,0.095,1,7581,0.013,0
20191031111540,10.1.0.2,20002,10.1.0.1,15502,3,0.0-60.7,6397440,842751
20191031111540,10.1.0.1,15502,10.1.0.2,20002,3,0.0-60.7,6397440,842802,0.130,0,4352,0.000,0
20191031111540,10.1.0.2,20178,10.1.0.1,15678,3,0.0-13.3,729120,438270
20191031111540,10.1.0.1,15678,10.1.0.2,20178,3,0.0-13.3,729120,438623,0.079,0,496,0.000,0
20191031111540,10.1.0.2,20080,10.1.0.1,15580,3,0.0-43.0,3849930,715775
20191031111540,10.1.0.2,20065,10.1.0.1,15565,3,0.0-46.4,19218780,3316731
20191031111540,10.1.0.1,15565,10.1.0.2,20065,3,0.0-46.4,19215840,3316629,0.057,2,13074,0.015,0
20191031111540,10.1.0.1,15580,10.1.0.2,20080,3,0.0-43.0,3849930,715981,0.133,0,2619,0.000,0
20191031111540,10.1.0.2,20155,10.1.0.1,15655,3,0.0-20.5,1503810,585725
20191031111540,10.1.0.1,15655,10.1.0.2,20155,3,0.0-20.5,1503810,586184,0.083,0,1023,0.000,0
20191031111541,10.1.0.2,19942,10.1.0.1,15442,3,0.0-74.9,3644130,389119
20191031111541,10.1.0.1,15442,10.1.0.2,19942,3,0.0-74.9,3644130,389142,0.081,0,2479,0.000,0
20191031111541,10.1.0.2,20197,10.1.0.1,15697,3,0.0-9.0,67620,60415
20191031111541,10.1.0.2,19915,10.1.0.1,15415,3,0.0-82.3,1031940,100351
20191031111541,10.1.0.1,15415,10.1.0.2,19915,3,0.0-82.1,1030470,100351,0.074,1,702,0.142,0
20191031111541,10.1.0.2,19860,10.1.0.1,15360,3,0.0-98.1,2284380,186367
20191031111541,10.1.0.1,15697,10.1.0.2,20197,3,0.0-8.9,67620,60754,0.075,0,46,0.000,0
20191031111541,10.1.0.2,19933,10.1.0.1,15433,3,0.0-78.8,29993880,3043326
20191031111542,10.1.0.1,15433,10.1.0.2,19933,3,0.0-78.8,29974770,3043358,0.138,13,20404,0.064,0
20191031111542,10.1.0.1,15360,10.1.0.2,19860,3,0.0-98.0,2284380,186391,0.090,0,1554,0.000,0
20191031111542,10.1.0.2,19906,10.1.0.1,15406,3,0.0-86.2,1500870,139263
20191031111542,10.1.0.2,20147,10.1.0.1,15647,3,0.0-23.9,1014300,339967
20191031111542,10.1.0.1,15406,10.1.0.2,19906,3,0.0-86.2,1500870,139301,63.667,0,1021,0.000,0
20191031111542,10.1.0.2,20061,10.1.0.1,15561,3,0.0-48.6,398370,65535
20191031111542,10.1.0.1,15647,10.1.0.2,20147,3,0.0-23.9,1014300,340114,0.075,0,690,0.000,0
20191031111542,10.1.0.1,15561,10.1.0.2,20061,3,0.0-48.4,396900,65536,0.123,1,271,0.369,0
20191031111542,10.1.0.2,19997,10.1.0.1,15497,3,0.0-64.8,20631450,2545660
20191031111542,10.1.0.1,15497,10.1.0.2,19997,3,0.0-64.8,20629980,2545730,0.078,1,14035,0.007,0
20191031111542,10.1.0.2,20076,10.1.0.1,15576,3,0.0-46.5,1375920,236543
20191031111542,10.1.0.1,15576,10.1.0.2,20076,3,0.0-46.5,1375920,236575,0.083,0,936,0.000,0
20191031111543,10.1.0.2,19978,10.1.0.1,15478,3,0.0-69.6,24396120,2804733
20191031111543,10.1.0.2,20158,10.1.0.1,15658,3,0.0-21.4,3148740,1179643
20191031111543,10.1.0.1,15658,10.1.0.2,20158,3,0.0-21.3,3147270,1179662,0.074,1,2142,0.047,0
20191031111543,10.1.0.1,15478,10.1.0.2,19978,3,0.0-69.6,24393180,2804790,0.082,2,16596,0.012,0
20191031111543,10.1.0.2,20210,10.1.0.1,15710,3,0.0-6.8,299880,352253
20191031111543,10.1.0.1,15710,10.1.0.2,20210,3,0.0-6.8,299880,352736,0.082,0,204,0.000,0
20191031111543,10.1.0.2,20032,10.1.0.1,15532,3,0.0-58.2,4461450,613375
20191031111543,10.1.0.2,20020,10.1.0.1,15520,3,0.0-60.1,13560750,1805309
20191031111543,10.1.0.1,15532,10.1.0.2,20032,3,0.0-58.2,4459980,613377,0.062,1,3035,0.033,0
20191031111543,10.1.0.2,20184,10.1.0.1,15684,3,0.0-15.6,651210,334847
20191031111543,10.1.0.1,15520,10.1.0.2,20020,3,0.0-60.1,13557810,1805328,0.071,2,9225,0.022,0
20191031111543,10.1.0.1,15684,10.1.0.2,20184,3,0.0-15.5,649740,335076,0.073,1,443,0.226,0
20191031111544,10.1.0.2,20060,10.1.0.1,15560,3,0.0-50.5,4489380,711679
20191031111544,10.1.0.2,20072,10.1.0.1,15572,3,0.0-48.1,9656430,1604605
20191031111544,10.1.0.1,15560,10.1.0.2,20060,3,0.0-50.5,4489380,711850,0.810,0,3054,0.000,0
20191031111544,10.1.0.1,15572,10.1.0.2,20072,3,0.0-48.1,9650550,1604778,0.212,4,6569,0.061,0
20191031111544,10.1.0.2,20113,10.1.0.1,15613,3,0.0-34.5,2053590,476158
20191031111544,10.1.0.1,15613,10.1.0.2,20113,3,0.0-34.5,2053590,476335,0.329,0,1397,0.000,0
20191031111544,10.1.0.2,20168,10.1.0.1,15668,3,0.0-20.4,1622880,636925
20191031111544,10.1.0.1,15668,10.1.0.2,20168,3,0.0-20.4,1622880,637304,0.103,0,1104,0.000,0
20191031111545,10.1.0.2,20071,10.1.0.1,15571,3,0.0-49.9,14084070,2259964
20191031111545,10.1.0.1,15571,10.1.0.2,20071,3,0.0-49.8,14076720,2259940,0.073,5,9581,0.052,0
20191031111545,10.1.0.2,20166,10.1.0.1,15666,3,0.0-21.5,1836030,681981
20191031111545,10.1.0.1,15666,10.1.0.2,20166,3,0.0-21.5,1836030,682290,0.063,0,1249,0.000,0
20191031111545,10.1.0.2,19941,10.1.0.1,15441,3,0.0-80.0,7785120,778239
20191031111545,10.1.0.1,15441,10.1.0.2,19941,3,0.0-80.0,7785120,778335,0.068,0,5296,0.000,0
20191031111546,10.1.0.2,20114,10.1.0.1,15614,3,0.0-35.6,893760,200703
20191031111546,10.1.0.2,20012,10.1.0.1,15512,3,0.0-64.0,2180010,272383
20191031111546,10.1.0.1,15614,10.1.0.2,20114,3,0.0-35.6,893760,200738,62.577,0,608,0.000,0
20191031111546,10.1.0.1,15512,10.1.0.2,20012,3,0.0-64.0,2180010,272406,0.143,0,1483,0.000,0
20191031111546,10.1.0.2,20190,10.1.0.1,15690,3,0.0-15.0,201390,107519
20191031111546,10.1.0.2,20099,10.1.0.1,15599,3,0.0-42.7,2078580,389119
20191031111546,10.1.0.1,15690,10.1.0.2,20190,3,0.0-15.0,201390,107553,0.110,0,137,0.000,0
20191031111546,10.1.0.1,15599,10.1.0.2,20099,3,0.0-42.7,2077110,389121,0.227,1,1414,0.071,0
20191031111546,10.1.0.2,20069,10.1.0.1,15569,3,0.0-51.6,1195110,185343
20191031111546,10.1.0.1,15569,10.1.0.2,20069,3,0.0-51.6,1195110,185430,0.075,0,813,0.000,0
20191031111546,10.1.0.2,19932,10.1.0.1,15432,3,0.0-83.9,20849010,1987583
20191031111546,10.1.0.1,15432,10.1.0.2,19932,3,0.0-83.9,20844600,1987578,0.071,3,14183,0.021,0
20191031111547,10.1.0.2,20057,10.1.0.1,15557,3,0.0-53.8,19298160,2869244
20191031111547,10.1.0.2,19935,10.1.0.1,15435,3,0.0-83.0,15833370,1526783
20191031111547,10.1.0.2,19996,10.1.0.1,15496,3,0.0-69.4,7514640,866303
20191031111547,10.1.0.1,15496,10.1.0.2,19996,3,0.0-69.4,7513170,866285,0.078,1,5112,0.020,0
20191031111547,10.1.0.1,15435,10.1.0.2,19935,3,0.0-83.0,15831900,1526764,0.069,1,10771,0.009,0
20191031111547,10.1.0.2,19967,10.1.0.1,15467,3,0.0-77.7,30189390,3108860
20191031111547,10.1.0.1,15467,10.1.0.2,19967,3,0.0-77.7,30179100,3108835,0.067,7,20537,0.034,0
20191031111547,10.1.0.1,15557,10.1.0.2,20057,3,0.0-53.8,19279050,2869229,0.075,13,13128,0.099,0
20191031111547,10.1.0.2,20011,10.1.0.1,15511,3,0.0-65.5,2935590,358399
20191031111547,10.1.0.1,15511,10.1.0.2,20011,3,0.0-65.5,2934120,358390,0.052,1,1997,0.050,0
20191031111547,10.1.0.2,19882,10.1.0.1,15382,3,0.0-97.8,27365520,2237439
20191031111547,10.1.0.1,15382,10.1.0.2,19882,3,0.0-97.8,27364050,2237426,0.086,1,18616,0.005,0
20191031111547,10.1.0.2,20087,10.1.0.1,15587,3,0.0-48.4,2935590,485375
20191031111547,10.1.0.1,15587,10.1.0.2,20087,3,0.0-48.4,2935590,485470,0.074,0,1997,0.000,0
20191031111547,10.1.0.2,19886,10.1.0.1,15386,3,0.0-97.1,1056930,87039
20191031111547,10.1.0.1,15386,10.1.0.2,19886,3,0.0-97.0,1055460,87039,0.098,1,719,0.139,0
20191031111548,10.1.0.2,20124,10.1.0.1,15624,3,0.0-35.9,7532280,1679357
20191031111548,10.1.0.1,15624,10.1.0.2,20124,3,0.0-35.9,7532280,1679558,0.185,0,5124,0.000,0
20191031111548,10.1.0.2,19946,10.1.0.1,15446,3,0.0-81.7,18766020,1838078
20191031111548,10.1.0.1,15446,10.1.0.2,19946,3,0.0-81.7,18764550,1838055,0.113,1,12766,0.008,0
20191031111548,10.1.0.2,19995,10.1.0.1,15495,3,0.0-70.9,817320,92159
20191031111548,10.1.0.1,15495,10.1.0.2,19995,3,0.0-70.9,817320,92168,0.089,0,556,0.000,0
20191031111548,10.1.0.2,20208,10.1.0.1,15708,3,0.0-12.5,5247900,3359720
20191031111548,10.1.0.1,15708,10.1.0.2,20208,3,0.0-12.5,5242020,3360218,0.077,4,3570,0.112,0
20191031111549,10.1.0.2,19945,10.1.0.1,15445,3,0.0-82.5,10297350,998399
20191031111549,10.1.0.1,15445,10.1.0.2,19945,3,0.0-82.5,10292940,998431,0.094,3,7005,0.043,0
20191031111549,10.1.0.2,20229,10.1.0.1,15729,3,0.0-7.4,554190,600060
20191031111549,10.1.0.1,15729,10.1.0.2,20229,3,0.0-7.4,552720,600299,0.071,1,377,0.265,0
20191031111549,10.1.0.2,20189,10.1.0.1,15689,3,0.0-18.6,520380,224255
20191031111549,10.1.0.1,15689,10.1.0.2,20189,3,0.0-18.5,518910,224262,0.083,1,354,0.282,0
20191031111549,10.1.0.2,20121,10.1.0.1,15621,3,0.0-38.2,1334760,279551
20191031111549,10.1.0.1,15621,10.1.0.2,20121,3,0.0-38.2,1334760,279622,0.158,0,908,0.000,0
20191031111549,10.1.0.2,19929,10.1.0.1,15429,3,0.0-87.4,4586400,419839
20191031111549,10.1.0.1,15429,10.1.0.2,19929,3,0.0-87.4,4584930,419835,0.067,1,3120,0.032,0
20191031111549,10.1.0.2,19966,10.1.0.1,15466,3,0.0-80.3,2948820,293887
20191031111549,10.1.0.1,15466,10.1.0.2,19966,3,0.0-80.2,2947350,293886,0.077,1,2006,0.050,0
20191031111549,10.1.0.2,20176,10.1.0.1,15676,3,0.0-23.2,3291330,1133563
20191031111549,10.1.0.1,15676,10.1.0.2,20176,3,0.0-23.2,3285450,1133571,0.074,4,2239,0.179,0
20191031111550,10.1.0.2,20097,10.1.0.1,15597,3,0.0-46.3,3933720,679934
20191031111550,10.1.0.1,15597,10.1.0.2,20097,3,0.0-46.3,3932250,679974,0.442,1,2676,0.037,0
20191031111550,10.1.0.2,19965,10.1.0.1,15465,3,0.0-80.9,15171870,1500159
20191031111550,10.1.0.1,15465,10.1.0.2,19965,3,0.0-80.9,15164520,1500177,0.122,5,10321,0.048,0
20191031111550,10.1.0.2,20007,10.1.0.1,15507,3,0.0-69.8,6897240,790526
20191031111550,10.1.0.1,15507,10.1.0.2,20007,3,0.0-69.8,6895770,790535,0.147,1,4692,0.021,0
20191031111550,10.1.0.2,20212,10.1.0.1,15712,3,0.0-13.2,683550,415741
20191031111550,10.1.0.1,15712,10.1.0.2,20212,3,0.0-13.1,683550,415972,0.134,0,465,0.000,0
20191031111551,10.1.0.2,19964,10.1.0.1,15464,3,0.0-81.9,16888830,1650686
20191031111551,10.1.0.1,15464,10.1.0.2,19964,3,0.0-81.8,16885890,1650671,0.057,2,11489,0.017,0
20191031111552,10.1.0.2,20084,10.1.0.1,15584,3,0.0-52.9,2622480,396287
20191031111552,10.1.0.1,15584,10.1.0.2,20084,3,0.0-52.9,2622480,396368,62.563,0,1784,0.000,0
20191031111552,10.1.0.2,20116,10.1.0.1,15616,3,0.0-41.6,1059870,203775
20191031111552,10.1.0.1,15616,10.1.0.2,20116,3,0.0-41.6,1059870,203919,0.127,0,721,0.000,0
20191031111552,10.1.0.2,20005,10.1.0.1,15505,3,0.0-71.7,6322470,705535
20191031111552,10.1.0.1,15505,10.1.0.2,20005,3,0.0-71.7,6322470,705654,0.075,0,4301,0.000,0
20191031111553,10.1.0.2,19982,10.1.0.1,15482,3,0.0-78.0,37756950,3871739
20191031111553,10.1.0.1,15482,10.1.0.2,19982,3,0.0-78.0,37745190,3871739,0.052,8,25685,0.031,0
20191031111553,10.1.0.2,20088,10.1.0.1,15588,3,0.0-53.3,1371510,205823
20191031111553,10.1.0.1,15588,10.1.0.2,20088,3,0.0-53.3,1371510,205962,0.122,0,933,0.000,0
20191031111554,10.1.0.2,20222,10.1.0.1,15722,3,0.0-13.7,2631300,1542135
20191031111554,10.1.0.2,20150,10.1.0.1,15650,3,0.0-35.5,2601900,585726
20191031111554,10.1.0.1,15722,10.1.0.2,20222,3,0.0-13.6,2626890,1542151,0.323,3,1790,0.168,0
20191031111554,10.1.0.1,15650,10.1.0.2,20150,3,0.0-35.5,2600430,585850,0.361,1,1770,0.056,0
20191031111554,10.1.0.2,20259,10.1.0.1,15759,3,0.0-5.9,464520,627702
20191031111554,10.1.0.1,15759,10.1.0.2,20259,3,0.0-5.9,463050,627714,0.230,1,316,0.316,0
20191031111554,10.1.0.2,20233,10.1.0.1,15733,3,0.0-11.6,2795940,1935347
20191031111554,10.1.0.1,15733,10.1.0.2,20233,3,0.0-11.5,2793000,1935963,0.079,2,1902,0.105,0
20191031111554,10.1.0.2,20183,10.1.0.1,15683,3,0.0-27.2,2807700,826366
20191031111554,10.1.0.1,15683,10.1.0.2,20183,3,0.0-27.1,2804760,826585,0.080,2,1910,0.105,0
20191031111555,10.1.0.2,20023,10.1.0.1,15523,3,0.0-70.8,2463720,278527
20191031111555,10.1.0.1,15523,10.1.0.2,20023,3,0.0-70.7,2462250,278526,0.105,1,1676,0.060,0
20191031111555,10.1.0.2,20021,10.1.0.1,15521,3,0.0-71.6,2474010,276479
20191031111555,10.1.0.1,15521,10.1.0.2,20021,3,0.0-71.6,2474010,276588,0.101,0,1683,0.000,0
20191031111555,10.1.0.2,19976,10.1.0.1,15476,3,0.0-83.1,34774320,3349500
20191031111555,10.1.0.1,15476,10.1.0.2,19976,3,0.0-83.0,34768440,3349442,0.087,4,23656,0.017,0
20191031111556,10.1.0.2,20246,10.1.0.1,15746,3,0.0-10.1,283710,225278
20191031111556,10.1.0.1,15746,10.1.0.2,20246,3,0.0-10.1,283710,225388,0.065,0,193,0.000,0
20191031111556,10.1.0.2,20059,10.1.0.1,15559,3,0.0-62.9,5339040,678911
20191031111556,10.1.0.2,20096,10.1.0.1,15596,3,0.0-53.3,470400,70655
20191031111556,10.1.0.2,20263,10.1.0.1,15763,3,0.0-6.9,589470,685046
20191031111556,10.1.0.1,15763,10.1.0.2,20263,3,0.0-6.9,588000,685146,0.378,1,401,0.249,0
20191031111556,10.1.0.1,15559,10.1.0.2,20059,3,0.0-62.9,5337570,678906,0.278,1,3632,0.028,0
20191031111556,10.1.0.1,15596,10.1.0.2,20096,3,0.0-53.3,470400,70659,0.455,0,320,0.000,0
20191031111557,10.1.0.2,19972,10.1.0.1,15472,3,0.0-85.7,13857690,1293311
20191031111557,10.1.0.1,15472,10.1.0.2,19972,3,0.0-85.7,13853280,1293306,0.054,3,9427,0.032,0
20191031111557,10.1.0.2,20100,10.1.0.1,15600,3,0.0-53.0,1465590,221183
20191031111557,10.1.0.1,15600,10.1.0.2,20100,3,0.0-53.0,1464120,221182,0.087,1,997,0.100,0
20191031111557,10.1.0.2,20236,10.1.0.1,15736,3,0.0-13.8,1427370,829437
20191031111557,10.1.0.1,15736,10.1.0.2,20236,3,0.0-13.8,1425900,829458,0.052,1,971,0.103,0
20191031111558,10.1.0.2,20216,10.1.0.1,15716,3,0.0-19.9,194040,77823
20191031111558,10.1.0.1,15716,10.1.0.2,20216,3,0.0-19.9,194040,77844,62.575,0,132,0.000,0
20191031111558,10.1.0.2,19948,10.1.0.1,15448,3,0.0-91.5,1534680,134143
20191031111558,10.1.0.2,20105,10.1.0.1,15605,3,0.0-51.5,4799550,745471
20191031111558,10.1.0.1,15605,10.1.0.2,20105,3,0.0-51.5,4798080,745472,0.269,1,3265,0.031,0
20191031111558,10.1.0.1,15448,10.1.0.2,19948,3,0.0-91.5,1534680,134155,0.079,0,1044,0.000,0
20191031111558,10.1.0.2,19973,10.1.0.1,15473,3,0.0-86.5,1705200,157695
20191031111558,10.1.0.1,15473,10.1.0.2,19973,3,0.0-86.5,1705200,157707,0.093,0,1160,0.000,0
20191031111558,10.1.0.2,20026,10.1.0.1,15526,3,0.0-73.8,3464790,375807
20191031111558,10.1.0.1,15526,10.1.0.2,20026,3,0.0-73.7,3464790,375889,0.224,0,2357,0.000,0
20191031111558,10.1.0.2,20031,10.1.0.1,15531,3,0.0-73.6,5777100,627711
20191031111559,10.1.0.1,15531,10.1.0.2,20031,3,0.0-73.6,5777100,627851,0.075,0,3930,0.000,0
20191031111559,10.1.0.2,19927,10.1.0.1,15427,3,0.0-97.6,15483510,1268734
20191031111559,10.1.0.1,15427,10.1.0.2,19927,3,0.0-97.6,15477630,1268744,0.083,4,10533,0.038,0
20191031111559,10.1.0.2,19998,10.1.0.1,15498,3,0.0-81.9,6969270,680959
20191031111559,10.1.0.1,15498,10.1.0.2,19998,3,0.0-81.9,6969270,681004,0.058,0,4741,0.000,0
20191031111600,10.1.0.2,20207,10.1.0.1,15707,3,0.0-24.2,508620,167935
20191031111600,10.1.0.1,15707,10.1.0.2,20207,3,0.0-24.2,508620,168115,0.068,0,346,0.000,0
20191031111600,10.1.0.2,20204,10.1.0.1,15704,3,0.0-25.7,4233600,1318908
20191031111600,10.1.0.1,15704,10.1.0.2,20204,3,0.0-25.7,4232130,1319197,0.117,1,2880,0.035,0
20191031111600,10.1.0.2,20270,10.1.0.1,15770,3,0.0-9.2,280770,243710
20191031111600,10.1.0.1,15770,10.1.0.2,20270,3,0.0-9.2,280770,243877,0.062,0,191,0.000,0
20191031111600,10.1.0.2,19980,10.1.0.1,15480,3,0.0-86.2,9774030,907263
20191031111600,10.1.0.1,15480,10.1.0.2,19980,3,0.0-86.1,9768150,907262,0.098,4,6649,0.060,0
20191031111601,10.1.0.2,20104,10.1.0.1,15604,3,0.0-55.1,1051050,152575
20191031111601,10.1.0.1,15604,10.1.0.2,20104,3,0.0-55.0,1049580,152575,0.152,1,715,0.140,0
20191031111602,10.1.0.2,20030,10.1.0.1,15530,3,0.0-76.8,19217310,2002942
20191031111602,10.1.0.2,20249,10.1.0.1,15749,3,0.0-15.3,2443140,1276922
20191031111602,10.1.0.1,15749,10.1.0.2,20249,3,0.0-15.3,2441670,1277635,0.265,1,1662,0.060,0
20191031111602,10.1.0.1,15530,10.1.0.2,20030,3,0.0-76.7,19214370,2002922,0.073,2,13073,0.015,0
20191031111602,10.1.0.2,20286,10.1.0.1,15786,3,0.0-8.0,298410,296957
20191031111602,10.1.0.1,15786,10.1.0.2,20286,3,0.0-8.0,298410,298032,0.272,0,203,0.000,0
20191031111602,10.1.0.2,20050,10.1.0.1,15550,3,0.0-71.4,6653220,745471
20191031111602,10.1.0.2,20242,10.1.0.1,15742,3,0.0-17.3,3919020,1816568
20191031111602,10.1.0.1,15742,10.1.0.2,20242,3,0.0-17.2,3914610,1816450,0.068,3,2666,0.113,0
20191031111602,10.1.0.1,15550,10.1.0.2,20050,3,0.0-71.4,6653220,745576,0.151,0,4526,0.000,0
20191031111603,10.1.0.2,20018,10.1.0.1,15518,3,0.0-80.3,12236280,1219582
20191031111603,10.1.0.1,15518,10.1.0.2,20018,3,0.0-80.3,12234810,1219589,0.080,1,8324,0.012,0
20191031111603,10.1.0.2,20028,10.1.0.1,15528,3,0.0-78.5,371910,37887
20191031111603,10.1.0.1,15528,10.1.0.2,20028,3,0.0-78.2,370440,37887,0.096,1,253,0.395,0
20191031111604,10.1.0.2,20117,10.1.0.1,15617,3,0.0-53.3,1788990,268287
20191031111604,10.1.0.1,15617,10.1.0.2,20117,3,0.0-53.3,1787520,268285,0.134,1,1217,0.082,0
20191031111604,10.1.0.2,19951,10.1.0.1,15451,3,0.0-97.4,23953650,1968126
20191031111604,10.1.0.1,15451,10.1.0.2,19951,3,0.0-97.4,23950710,1968126,0.089,2,16295,0.012,0
20191031111604,10.1.0.2,20192,10.1.0.1,15692,3,0.0-32.7,6150480,1503228
20191031111604,10.1.0.1,15692,10.1.0.2,20192,3,0.0-32.7,6150480,1503420,0.084,0,4184,0.000,0
20191031111604,10.1.0.2,19987,10.1.0.1,15487,3,0.0-87.9,483630,44031
20191031111604,10.1.0.1,15487,10.1.0.2,19987,3,0.0-87.9,483630,44038,0.140,0,329,0.000,0
20191031111604,10.1.0.2,19971,10.1.0.1,15471,3,0.0-94.6,1706670,144383
20191031111604,10.1.0.1,15471,10.1.0.2,19971,3,0.0-94.5,1705200,144382,0.184,1,1161,0.086,0
20191031111605,10.1.0.2,20290,10.1.0.1,15790,3,0.0-9.7,1855140,1523701
20191031111605,10.1.0.1,15790,10.1.0.2,20290,3,0.0-9.7,1847790,1524320,0.079,5,1262,0.396,0
20191031111605,10.1.0.2,20136,10.1.0.1,15636,3,0.0-49.7,2354940,378879
20191031111605,10.1.0.1,15636,10.1.0.2,20136,3,0.0-49.7,2354940,379028,0.061,0,1602,0.000,0
20191031111605,10.1.0.2,19962,10.1.0.1,15462,3,0.0-96.4,18898320,1568766
20191031111605,10.1.0.1,15462,10.1.0.2,19962,3,0.0-96.4,18896850,1568828,0.069,1,12856,0.008,0
20191031111605,10.1.0.2,20226,10.1.0.1,15726,3,0.0-24.6,1459710,474110
20191031111605,10.1.0.1,15726,10.1.0.2,20226,3,0.0-24.6,1459710,474398,0.115,0,993,0.000,0
20191031111605,10.1.0.2,20094,10.1.0.1,15594,3,0.0-64.0,14942550,1866750
20191031111605,10.1.0.1,15594,10.1.0.2,20094,3,0.0-64.0,14933730,1866745,0.067,6,10165,0.059,0
20191031111605,10.1.0.2,19952,10.1.0.1,15452,3,0.0-98.1,652680,53247
20191031111605,10.1.0.1,15452,10.1.0.2,19952,3,0.0-97.8,651210,53247,0.225,1,444,0.225,0
20191031111605,10.1.0.2,19986,10.1.0.1,15486,3,0.0-89.0,5228790,470015
20191031111606,10.1.0.2,20224,10.1.0.1,15724,3,0.0-25.4,324870,102399
20191031111606,10.1.0.1,15724,10.1.0.2,20224,3,0.0-25.3,323400,102399,62.627,1,221,0.452,0
20191031111606,10.1.0.1,15486,10.1.0.2,19986,3,0.0-89.0,5228790,470086,0.104,0,3557,0.000,0
20191031111606,10.1.0.2,20139,10.1.0.1,15639,3,0.0-50.1,10100370,1613821
20191031111606,10.1.0.1,15639,10.1.0.2,20139,3,0.0-50.0,10094490,1613784,0.935,4,6871,0.058,0
20191031111606,10.1.0.2,20279,10.1.0.1,15779,3,0.0-12.8,4501140,2815990
20191031111606,10.1.0.1,15779,10.1.0.2,20279,3,0.0-12.8,4492320,2816407,0.123,6,3062,0.196,0
20191031111606,10.1.0.2,20223,10.1.0.1,15723,3,0.0-26.1,343980,105471
20191031111606,10.1.0.1,15723,10.1.0.2,20223,3,0.0-26.1,343980,105505,0.081,0,234,0.000,0
20191031111606,10.1.0.2,20278,10.1.0.1,15778,3,0.0-13.4,332220,198654
20191031111606,10.1.0.1,15778,10.1.0.2,20278,3,0.0-13.4,332220,199004,0.558,0,226,0.000,0
20191031111607,10.1.0.2,20022,10.1.0.1,15522,3,0.0-83.1,18686640,1798142
20191031111607,10.1.0.1,15522,10.1.0.2,20022,3,0.0-83.1,18677820,1798181,0.059,6,12712,0.047,0
20191031111608,10.1.0.2,19970,10.1.0.1,15470,3,0.0-98.0,8054130,657407
20191031111608,10.1.0.1,15470,10.1.0.2,19970,3,0.0-98.0,8054130,657481,0.727,0,5479,0.000,0
20191031111608,10.1.0.2,20090,10.1.0.1,15590,3,0.0-67.6,518910,61439
20191031111608,10.1.0.1,15590,10.1.0.2,20090,3,0.0-67.6,518910,61443,0.157,0,353,0.000,0
20191031111608,10.1.0.2,20198,10.1.0.1,15698,3,0.0-35.8,1461180,326655
20191031111608,10.1.0.1,15698,10.1.0.2,20198,3,0.0-35.8,1461180,326700,0.078,0,994,0.000,0
20191031111608,10.1.0.2,19979,10.1.0.1,15479,3,0.0-94.9,22001490,1854462
20191031111608,10.1.0.2,20063,10.1.0.1,15563,3,0.0-74.7,2322600,248831
20191031111608,10.1.0.1,15479,10.1.0.2,19979,3,0.0-94.9,21995610,1854459,0.088,4,14967,0.027,0
20191031111608,10.1.0.1,15563,10.1.0.2,20063,3,0.0-74.6,2321130,248828,0.076,1,1580,0.063,0
20191031111609,10.1.0.2,20276,10.1.0.1,15776,3,0.0-16.2,1011360,499709
20191031111609,10.1.0.1,15776,10.1.0.2,20276,3,0.0-16.2,1009890,499949,0.129,1,688,0.145,0
20191031111609,10.1.0.2,20112,10.1.0.1,15612,3,0.0-60.1,1039290,138239
20191031111609,10.1.0.1,15612,10.1.0.2,20112,3,0.0-60.1,1039290,138248,0.065,0,707,0.000,0
20191031111609,10.1.0.2,20213,10.1.0.1,15713,3,0.0-32.1,3657360,911357
20191031111609,10.1.0.1,15713,10.1.0.2,20213,3,0.0-32.1,3655890,911639,0.081,1,2488,0.040,0
20191031111610,10.1.0.2,20164,10.1.0.1,15664,3,0.0-47.4,376320,63487
20191031111610,10.1.0.1,15664,10.1.0.2,20164,3,0.0-47.4,376320,63508,0.083,0,256,0.000,0
20191031111611,10.1.0.2,20039,10.1.0.1,15539,3,0.0-84.4,280770,26623
20191031111611,10.1.0.1,15539,10.1.0.2,20039,3,0.0-83.9,279300,26623,0.097,1,191,0.524,0
20191031111611,10.1.0.2,20172,10.1.0.1,15672,3,0.0-46.2,2024190,350207
20191031111611,10.1.0.1,15672,10.1.0.2,20172,3,0.0-46.2,2024190,350277,0.081,0,1377,0.000,0
20191031111612,10.1.0.2,20145,10.1.0.1,15645,3,0.0-54.2,2801820,413695
20191031111612,10.1.0.1,15645,10.1.0.2,20145,3,0.0-54.2,2800350,413691,0.073,1,1906,0.052,0
20191031111612,10.1.0.2,20118,10.1.0.1,15618,3,0.0-62.0,2912070,375807
20191031111613,10.1.0.1,15618,10.1.0.2,20118,3,0.0-62.0,2912070,375905,0.061,0,1981,0.000,0
20191031111613,10.1.0.2,20237,10.1.0.1,15737,3,0.0-28.8,4426170,1227773
20191031111613,10.1.0.2,20266,10.1.0.1,15766,3,0.0-22.6,2718030,961532
20191031111613,10.1.0.1,15737,10.1.0.2,20237,3,0.0-28.8,4424700,1227771,0.060,1,3011,0.033,0
20191031111613,10.1.0.1,15766,10.1.0.2,20266,3,0.0-22.6,2716560,961629,0.074,1,1849,0.054,0
20191031111614,10.1.0.2,19985,10.1.0.1,15485,3,0.0-97.8,21429660,1753086
20191031111614,10.1.0.1,15485,10.1.0.2,19985,3,0.0-97.8,21425250,1753048,0.398,3,14578,0.021,0
20191031111614,10.1.0.2,20128,10.1.0.1,15628,3,0.0-61.8,7502880,971774
20191031111614,10.1.0.1,15628,10.1.0.2,20128,3,0.0-61.8,7502880,971927,0.203,0,5104,0.000,0
20191031111614,10.1.0.2,20175,10.1.0.1,15675,3,0.0-49.1,16963800,2764797
20191031111614,10.1.0.1,15675,10.1.0.2,20175,3,0.0-49.0,16944690,2764663,0.062,13,11540,0.113,0
20191031111615,10.1.0.2,20302,10.1.0.1,15802,3,0.0-17.4,354270,162815
20191031111615,10.1.0.2,19988,10.1.0.1,15488,3,0.0-98.9,10584000,856063
20191031111615,10.1.0.1,15488,10.1.0.2,19988,3,0.0-98.9,10579590,856091,0.062,3,7200,0.042,0
20191031111616,10.1.0.1,15802,10.1.0.2,20302,3,0.0-17.3,352800,162819,0.235,1,241,0.415,0
20191031111616,10.1.0.2,20346,10.1.0.1,15846,3,0.0-6.4,304290,378877
20191031111616,10.1.0.1,15846,10.1.0.2,20346,3,0.0-6.4,304290,380091,0.071,0,207,0.000,0
20191031111616,10.1.0.2,20241,10.1.0.1,15741,3,0.0-31.5,3258990,828413
20191031111616,10.1.0.1,15741,10.1.0.2,20241,3,0.0-31.4,3254580,828522,0.186,3,2217,0.135,0
20191031111617,10.1.0.2,20101,10.1.0.1,15601,3,0.0-72.8,3364830,369663
20191031111617,10.1.0.1,15601,10.1.0.2,20101,3,0.0-72.8,3364830,369687,0.127,0,2289,0.000,0
20191031111617,10.1.0.2,20219,10.1.0.1,15719,3,0.0-37.9,373380,78847
20191031111618,10.1.0.1,15719,10.1.0.2,20219,3,0.0-37.8,373380,78918,0.076,0,254,0.000,0
20191031111618,10.1.0.2,20135,10.1.0.1,15635,3,0.0-63.1,29989470,3800061
20191031111618,10.1.0.1,15635,10.1.0.2,20135,3,0.0-63.1,29979180,3799977,0.233,7,20401,0.034,0
20191031111618,10.1.0.2,20180,10.1.0.1,15680,3,0.0-51.3,4214490,657406
20191031111618,10.1.0.1,15680,10.1.0.2,20180,3,0.0-51.3,4213020,657406,0.698,1,2867,0.035,0
20191031111618,10.1.0.2,20182,10.1.0.1,15682,3,0.0-51.2,1278900,199679
20191031111618,10.1.0.1,15682,10.1.0.2,20182,3,0.0-51.2,1278900,199694,0.084,0,870,0.000,0
20191031111619,10.1.0.2,20006,10.1.0.1,15506,3,0.0-98.5,4564350,370687
20191031111619,10.1.0.1,15506,10.1.0.2,20006,3,0.0-98.5,4562880,370705,0.069,1,3105,0.032,0
20191031111619,10.1.0.2,20292,10.1.0.1,15792,3,0.0-23.1,2426970,841725
20191031111619,10.1.0.1,15792,10.1.0.2,20292,3,0.0-23.0,2421090,841734,0.088,4,1651,0.242,0
20191031111619,10.1.0.2,20352,10.1.0.1,15852,3,0.0-8.2,1245090,1217524
20191031111619,10.1.0.2,20081,10.1.0.1,15581,3,0.0-82.0,3285450,320511
20191031111619,10.1.0.1,15852,10.1.0.2,20352,3,0.0-8.1,1239210,1218376,0.056,4,847,0.472,0
20191031111619,10.1.0.2,20347,10.1.0.1,15847,3,0.0-9.4,796740,677885
20191031111619,10.1.0.1,15581,10.1.0.2,20081,3,0.0-82.0,3283980,320508,0.123,1,2235,0.045,0
20191031111620,10.1.0.1,15847,10.1.0.2,20347,3,0.0-9.4,796740,678559,0.070,0,542,0.000,0
20191031111620,10.1.0.2,20251,10.1.0.1,15751,3,0.0-33.3,13482840,3235836
20191031111620,10.1.0.1,15751,10.1.0.2,20251,3,0.0-33.3,13474020,3235870,0.060,6,9172,0.065,0
20191031111620,10.1.0.2,20196,10.1.0.1,15696,3,0.0-47.9,877590,146431
20191031111620,10.1.0.1,15696,10.1.0.2,20196,3,0.0-47.9,876120,146431,0.157,1,597,0.168,0
20191031111620,10.1.0.2,20046,10.1.0.1,15546,3,0.0-91.8,7551390,658431
20191031111620,10.1.0.1,15546,10.1.0.2,20046,3,0.0-91.7,7548450,658415,0.428,2,5137,0.039,0
20191031111620,10.1.0.2,20354,10.1.0.1,15854,3,0.0-8.6,280770,261118
20191031111620,10.1.0.1,15854,10.1.0.2,20354,3,0.0-8.6,279300,261276,0.076,1,191,0.524,0
20191031111620,10.1.0.2,20356,10.1.0.1,15856,3,0.0-7.8,611520,624631
20191031111620,10.1.0.1,15856,10.1.0.2,20356,3,0.0-7.8,608580,624825,0.120,2,416,0.481,0
20191031111621,10.1.0.2,20342,10.1.0.1,15842,3,0.0-11.6,699720,481276
20191031111621,10.1.0.2,20209,10.1.0.1,15709,3,0.0-45.3,5915280,1045502
20191031111621,10.1.0.1,15842,10.1.0.2,20342,3,0.0-11.6,698250,482138,0.067,1,476,0.210,0
20191031111621,10.1.0.1,15709,10.1.0.2,20209,3,0.0-45.2,5912340,1045530,0.077,2,4024,0.050,0
20191031111621,10.1.0.2,20070,10.1.0.1,15570,3,0.0-86.6,23114280,2135038
20191031111621,10.1.0.1,15570,10.1.0.2,20070,3,0.0-86.6,23102520,2135061,0.072,8,15724,0.051,0
20191031111622,10.1.0.2,20163,10.1.0.1,15663,3,0.0-59.5,10572240,1422335
20191031111622,10.1.0.1,15663,10.1.0.2,20163,3,0.0-59.4,10566360,1422392,0.081,4,7192,0.056,0
20191031111622,10.1.0.2,20231,10.1.0.1,15731,3,0.0-39.8,6143130,1233917
20191031111622,10.1.0.1,15731,10.1.0.2,20231,3,0.0-39.8,6141660,1233948,0.079,1,4179,0.024,0
20191031111622,10.1.0.2,20264,10.1.0.1,15764,3,0.0-32.4,633570,156671
20191031111622,10.1.0.1,15764,10.1.0.2,20264,3,0.0-32.3,633570,156803,0.174,0,431,0.000,0
20191031111622,10.1.0.2,20343,10.1.0.1,15843,3,0.0-12.7,5977020,3769331
20191031111622,10.1.0.1,15843,10.1.0.2,20343,3,0.0-12.7,5971140,3769807,0.085,4,4066,0.098,0
20191031111622,10.1.0.2,20036,10.1.0.1,15536,3,0.0-96.2,1539090,127999
20191031111622,10.1.0.1,15536,10.1.0.2,20036,3,0.0-96.2,1539090,128011,0.107,0,1047,0.000,0
20191031111623,10.1.0.2,20271,10.1.0.1,15771,3,0.0-31.5,21939750,5571576
20191031111623,10.1.0.1,15771,10.1.0.2,20271,3,0.0-31.5,21927990,5571618,0.081,8,14925,0.054,0
20191031111623,10.1.0.2,20148,10.1.0.1,15648,3,0.0-64.9,27760950,3422204
20191031111623,10.1.0.1,15648,10.1.0.2,20148,3,0.0-64.9,27752130,3422134,0.101,6,18885,0.032,0
20191031111623,10.1.0.2,20265,10.1.0.1,15765,3,0.0-33.2,5605110,1348604
20191031111623,10.1.0.1,15765,10.1.0.2,20265,3,0.0-33.2,5603640,1348723,0.073,1,3813,0.026,0
20191031111623,10.1.0.2,20235,10.1.0.1,15735,3,0.0-40.6,5915280,1164286
20191031111623,10.1.0.1,15735,10.1.0.2,20235,3,0.0-40.6,5913810,1164470,0.080,1,4024,0.025,0
20191031111624,10.1.0.2,20093,10.1.0.1,15593,3,0.0-82.7,18035430,1744894
20191031111624,10.1.0.1,15593,10.1.0.2,20093,3,0.0-82.7,18029550,1744882,0.072,4,12269,0.033,0
20191031111624,10.1.0.2,20245,10.1.0.1,15745,3,0.0-38.3,2127090,444415
20191031111624,10.1.0.2,20220,10.1.0.1,15720,3,0.0-44.2,299880,54271
20191031111624,10.1.0.1,15720,10.1.0.2,20220,3,0.0-44.2,299880,54278,0.625,0,204,0.000,0
20191031111624,10.1.0.1,15745,10.1.0.2,20245,3,0.0-38.2,2124150,444415,0.068,2,1447,0.138,0
20191031111624,10.1.0.2,20319,10.1.0.1,15819,3,0.0-21.3,862890,324607
20191031111624,10.1.0.1,15819,10.1.0.2,20319,3,0.0-21.2,861420,324710,0.106,1,587,0.170,0
20191031111625,10.1.0.2,20073,10.1.0.1,15573,3,0.0-89.1,6737010,605183
20191031111625,10.1.0.1,15573,10.1.0.2,20073,3,0.0-89.0,6735540,605217,0.155,1,4583,0.022,0
20191031111625,10.1.0.2,20284,10.1.0.1,15784,3,0.0-31.1,3969000,1019902
20191031111625,10.1.0.1,15784,10.1.0.2,20284,3,0.0-31.1,3967530,1019924,0.132,1,2700,0.037,0
20191031111625,10.1.0.2,20194,10.1.0.1,15694,3,0.0-53.0,7611660,1148927
20191031111625,10.1.0.1,15694,10.1.0.2,20194,3,0.0-53.0,7610190,1149053,0.055,1,5178,0.019,0
20191031111625,10.1.0.2,20323,10.1.0.1,15823,3,0.0-20.9,333690,127999
20191031111625,10.1.0.1,15823,10.1.0.2,20323,3,0.0-20.8,333690,128305,0.106,0,227,0.000,0
20191031111625,10.1.0.2,20316,10.1.0.1,15816,3,0.0-23.1,832020,287743
20191031111625,10.1.0.1,15816,10.1.0.2,20316,3,0.0-23.1,832020,288094,0.147,0,566,0.000,0
20191031111626,10.1.0.2,20149,10.1.0.1,15649,3,0.0-68.0,13499010,1587198
20191031111626,10.1.0.1,15649,10.1.0.2,20149,3,0.0-68.0,13496070,1587254,0.407,2,9183,0.022,0
20191031111626,10.1.0.2,20363,10.1.0.1,15863,3,0.0-12.3,854070,553980
20191031111626,10.1.0.1,15863,10.1.0.2,20363,3,0.0-12.3,852600,554233,0.239,1,581,0.172,0
20191031111627,10.1.0.2,20193,10.1.0.1,15693,3,0.0-55.0,28021140,4072441
20191031111627,10.1.0.1,15693,10.1.0.2,20193,3,0.0-55.0,28019670,4072434,0.073,1,19062,0.005,0
20191031111627,10.1.0.2,20277,10.1.0.1,15777,3,0.0-33.9,6254850,1477629
20191031111627,10.1.0.1,15777,10.1.0.2,20277,3,0.0-33.8,6250440,1477722,0.111,3,4255,0.071,0
20191031111627,10.1.0.2,20386,10.1.0.1,15886,3,0.0-8.0,389550,388093
20191031111627,10.1.0.1,15886,10.1.0.2,20386,3,0.0-8.0,388080,388330,0.098,1,265,0.377,0
20191031111627,10.1.0.2,20244,10.1.0.1,15744,3,0.0-41.8,1258320,240639
20191031111627,10.1.0.1,15744,10.1.0.2,20244,3,0.0-41.8,1258320,240788,0.089,0,856,0.000,0
20191031111627,10.1.0.2,20131,10.1.0.1,15631,3,0.0-73.7,9344790,1013759
20191031111627,10.1.0.2,20047,10.1.0.1,15547,3,0.0-98.7,13053600,1057791
20191031111627,10.1.0.1,15547,10.1.0.2,20047,3,0.0-98.7,13053600,1057855,0.061,0,8880,0.000,0
20191031111627,10.1.0.1,15631,10.1.0.2,20131,3,0.0-73.7,9341850,1013736,0.059,2,6357,0.031,0
20191031111627,10.1.0.2,20144,10.1.0.1,15644,3,0.0-70.7,3012030,340991
20191031111627,10.1.0.1,15644,10.1.0.2,20144,3,0.0-70.7,3012030,341011,0.093,0,2049,0.000,0
20191031111628,10.1.0.2,20064,10.1.0.1,15564,3,0.0-94.1,38391990,3265534
20191031111628,10.1.0.1,15564,10.1.0.2,20064,3,0.0-94.0,38375820,3265609,0.052,11,26117,0.042,1
20191031111628,10.1.0.2,20146,10.1.0.1,15646,3,0.0-70.2,3586800,408575
20191031111628,10.1.0.2,20181,10.1.0.1,15681,3,0.0-61.1,4995060,654335
20191031111628,10.1.0.1,15681,10.1.0.2,20181,3,0.0-61.0,4993590,654490,0.070,1,3398,0.029,0
20191031111628,10.1.0.2,20317,10.1.0.1,15817,3,0.0-25.6,9441810,2951160
20191031111628,10.1.0.1,15646,10.1.0.2,20146,3,0.0-70.2,3586800,408611,0.102,0,2440,0.000,0
20191031111628,10.1.0.1,15817,10.1.0.2,20317,3,0.0-25.6,9437400,2951287,0.188,3,6423,0.047,0
20191031111628,10.1.0.2,20079,10.1.0.1,15579,3,0.0-91.6,586530,51199
20191031111628,10.1.0.1,15579,10.1.0.2,20079,3,0.0-91.6,586530,51202,0.942,0,399,0.000,0
20191031111628,10.1.0.2,20407,10.1.0.1,15907,3,0.0-5.7,449820,626679
20191031111628,10.1.0.1,15907,10.1.0.2,20407,3,0.0-5.7,448350,627774,0.097,1,306,0.327,0
20191031111629,10.1.0.2,20111,10.1.0.1,15611,3,0.0-79.6,4636380,465919
20191031111629,10.1.0.1,15611,10.1.0.2,20111,3,0.0-79.6,4636380,466040,62.587,0,3154,0.000,0
20191031111629,10.1.0.2,20331,10.1.0.1,15831,3,0.0-22.6,1852200,656382
20191031111629,10.1.0.1,15831,10.1.0.2,20331,3,0.0-22.6,1852200,656548,0.098,0,1260,0.000,0
20191031111629,10.1.0.2,20132,10.1.0.1,15632,3,0.0-75.4,14766150,1565694
20191031111629,10.1.0.1,15632,10.1.0.2,20132,3,0.0-75.4,14764680,1565799,0.063,1,10045,0.010,0
20191031111630,10.1.0.2,20141,10.1.0.1,15641,3,0.0-73.7,3500070,379903
20191031111630,10.1.0.1,15641,10.1.0.2,20141,3,0.0-73.7,3498600,379986,0.104,1,2381,0.042,0
20191031111630,10.1.0.2,20143,10.1.0.1,15643,3,0.0-73.8,3936660,427007
20191031111630,10.1.0.2,20153,10.1.0.1,15653,3,0.0-71.1,1519980,171007
20191031111630,10.1.0.1,15643,10.1.0.2,20143,3,0.0-73.7,3936660,427068,0.426,0,2678,0.000,0
20191031111630,10.1.0.2,20336,10.1.0.1,15836,3,0.0-22.4,4567290,1628154
20191031111630,10.1.0.1,15836,10.1.0.2,20336,3,0.0-22.4,4564350,1628588,0.158,2,3107,0.064,0
20191031111630,10.1.0.2,20312,10.1.0.1,15812,3,0.0-29.2,2128560,582654
20191031111630,10.1.0.1,15812,10.1.0.2,20312,3,0.0-29.2,2128560,582951,0.262,0,1448,0.000,0
20191031111631,10.1.0.2,20283,10.1.0.1,15783,3,0.0-37.1,13144740,2832380
20191031111631,10.1.0.1,15653,10.1.0.2,20153,3,0.0-71.1,1519980,171080,0.093,0,1034,0.000,0
20191031111631,10.1.0.1,15783,10.1.0.2,20283,3,0.0-37.1,13132980,2832585,0.074,8,8942,0.089,0
20191031111631,10.1.0.2,20159,10.1.0.1,15659,3,0.0-69.2,354270,40959
20191031111631,10.1.0.1,15659,10.1.0.2,20159,3,0.0-69.1,354270,40990,62.605,0,241,0.000,0
20191031111631,10.1.0.2,20393,10.1.0.1,15893,3,0.0-10.4,3971940,3068925
20191031111631,10.1.0.1,15893,10.1.0.2,20393,3,0.0-10.3,3966060,3069166,0.078,4,2702,0.148,0
20191031111631,10.1.0.2,20411,10.1.0.1,15911,3,0.0-7.5,448350,481275
20191031111631,10.1.0.1,15911,10.1.0.2,20411,3,0.0-7.4,448350,482607,0.172,0,305,0.000,0
20191031111631,10.1.0.2,20289,10.1.0.1,15789,3,0.0-36.7,10656030,2320378
20191031111631,10.1.0.1,15789,10.1.0.2,20289,3,0.0-36.7,10656030,2320628,0.074,0,7249,0.000,0
20191031111632,10.1.0.2,20421,10.1.0.1,15921,3,0.0-6.1,85260,111614
20191031111632,10.1.0.2,20134,10.1.0.1,15634,3,0.0-77.6,14741160,1519615
20191031111632,10.1.0.1,15921,10.1.0.2,20421,3,0.0-6.1,85260,112044,0.075,0,58,0.000,0
20191031111632,10.1.0.1,15634,10.1.0.2,20134,3,0.0-77.6,14738220,1519661,0.053,2,10028,0.020,0
20191031111632,10.1.0.2,20321,10.1.0.1,15821,3,0.0-28.5,730590,204799
20191031111632,10.1.0.1,15821,10.1.0.2,20321,3,0.0-28.5,730590,204974,0.288,0,497,0.000,0
20191031111633,10.1.0.2,20217,10.1.0.1,15717,3,0.0-53.9,8990520,1333245
20191031111633,10.1.0.1,15717,10.1.0.2,20217,3,0.0-53.9,8983170,1333407,0.079,5,6116,0.082,0
20191031111633,10.1.0.2,20350,10.1.0.1,15850,3,0.0-21.8,1108380,407550
20191031111633,10.1.0.2,20170,10.1.0.1,15670,3,0.0-68.8,12324480,1433598
20191031111633,10.1.0.1,15850,10.1.0.2,20350,3,0.0-21.8,1108380,407659,0.285,0,754,0.000,0
20191031111633,10.1.0.2,20294,10.1.0.1,15794,3,0.0-36.6,252840,55295
20191031111633,10.1.0.1,15670,10.1.0.2,20170,3,0.0-68.8,12323010,1433648,0.069,1,8384,0.012,0
20191031111633,10.1.0.2,20348,10.1.0.1,15848,3,0.0-22.9,874650,306174
20191031111633,10.1.0.1,15848,10.1.0.2,20348,3,0.0-22.8,873180,306362,0.101,1,595,0.168,0
20191031111633,10.1.0.1,15794,10.1.0.2,20294,3,0.0-36.6,252840,55337,0.103,0,172,0.000,0
20191031111633,10.1.0.2,20203,10.1.0.1,15703,3,0.0-59.4,585060,78847
20191031111633,10.1.0.1,15703,10.1.0.2,20203,3,0.0-59.3,585060,78884,0.094,0,398,0.000,0
20191031111633,10.1.0.2,20357,10.1.0.1,15857,3,0.0-20.7,3464790,1341435
20191031111633,10.1.0.1,15857,10.1.0.2,20357,3,0.0-20.6,3461850,1341765,0.082,2,2357,0.085,0
20191031111634,10.1.0.2,20303,10.1.0.1,15803,3,0.0-35.8,5021520,1123326
20191031111634,10.1.0.1,15803,10.1.0.2,20303,3,0.0-35.7,5017110,1123429,0.076,3,3416,0.088,0
20191031111634,10.1.0.2,20272,10.1.0.1,15772,3,0.0-43.0,63210,11759
20191031111634,10.1.0.1,15772,10.1.0.2,20272,3,0.0-43.0,63210,11761,62.595,0,43,0.000,0
20191031111635,10.1.0.2,20092,10.1.0.1,15592,3,0.0-93.8,23940420,2040830
20191031111635,10.1.0.1,15592,10.1.0.2,20092,3,0.0-93.8,23928660,2040831,0.065,8,16286,0.049,0
20191031111635,10.1.0.2,20230,10.1.0.1,15730,3,0.0-53.0,6060810,914430
20191031111635,10.1.0.1,15730,10.1.0.2,20230,3,0.0-53.0,6060810,914582,0.098,0,4123,0.000,0
20191031111635,10.1.0.2,20082,10.1.0.1,15582,3,0.0-97.0,42688800,3519484
20191031111635,10.1.0.1,15582,10.1.0.2,20082,3,0.0-97.0,42674100,3519443,0.080,10,29040,0.034,0
20191031111635,10.1.0.2,20280,10.1.0.1,15780,3,0.0-41.9,7423500,1417214
20191031111635,10.1.0.1,15780,10.1.0.2,20280,3,0.0-41.9,7417620,1417324,0.054,4,5050,0.079,0
20191031111635,10.1.0.2,20260,10.1.0.1,15760,3,0.0-47.0,5111190,869375
20191031111635,10.1.0.1,15760,10.1.0.2,20260,3,0.0-47.0,5109720,869443,0.066,1,3477,0.029,0
20191031111635,10.1.0.2,20253,10.1.0.1,15753,3,0.0-48.3,3179610,526335
20191031111635,10.1.0.1,15753,10.1.0.2,20253,3,0.0-48.3,3179610,526377,0.106,0,2163,0.000,0
20191031111636,10.1.0.2,20274,10.1.0.1,15774,3,0.0-43.7,11398380,2084861
20191031111636,10.1.0.1,15774,10.1.0.2,20274,3,0.0-43.7,11396910,2084925,0.054,1,7754,0.013,0
20191031111636,10.1.0.2,20309,10.1.0.1,15809,3,0.0-36.6,4542300,992253
20191031111636,10.1.0.1,15809,10.1.0.2,20309,3,0.0-36.6,4537890,992089,0.427,3,3090,0.097,0
20191031111636,10.1.0.2,20162,10.1.0.1,15662,3,0.0-73.9,12239220,1325054
20191031111636,10.1.0.1,15662,10.1.0.2,20162,3,0.0-73.9,12236280,1325051,0.611,2,8326,0.024,0
20191031111636,10.1.0.2,20402,10.1.0.1,15902,3,0.0-14.2,784980,441341
20191031111636,10.1.0.1,15902,10.1.0.2,20402,3,0.0-14.2,784980,441704,0.079,0,534,0.000,0
20191031111637,10.1.0.2,20167,10.1.0.1,15667,3,0.0-73.3,15380610,1678334
20191031111637,10.1.0.1,15667,10.1.0.2,20167,3,0.0-73.3,15376200,1678405,0.116,3,10463,0.029,0
20191031111637,10.1.0.2,20291,10.1.0.1,15791,3,0.0-41.1,5572770,1084414
20191031111637,10.1.0.1,15791,10.1.0.2,20291,3,0.0-41.0,5563950,1084409,0.078,6,3791,0.158,0
20191031111637,10.1.0.2,20115,10.1.0.1,15615,3,0.0-87.0,2171190,199679
20191031111637,10.1.0.1,15615,10.1.0.2,20115,3,0.0-87.0,2171190,199763,0.228,0,1477,0.000,0
20191031111637,10.1.0.2,20351,10.1.0.1,15851,3,0.0-26.0,1118670,344063
20191031111637,10.1.0.1,15851,10.1.0.2,20351,3,0.0-26.0,1118670,344115,0.111,0,761,0.000,0
20191031111638,10.1.0.2,20445,10.1.0.1,15945,3,0.0-5.4,2059470,3037135
20191031111638,10.1.0.1,15945,10.1.0.2,20445,3,0.0-5.4,2055060,3037599,0.060,3,1401,0.214,0
20191031111638,10.1.0.2,20444,10.1.0.1,15944,3,0.0-5.7,177870,247803
20191031111638,10.1.0.2,20177,10.1.0.1,15677,3,0.0-71.6,13328490,1488894
20191031111638,10.1.0.1,15677,10.1.0.2,20177,3,0.0-71.6,13327020,1488903,0.934,1,9067,0.011,0
20191031111638,10.1.0.1,15944,10.1.0.2,20444,3,0.0-5.7,177870,249643,0.080,0,121,0.000,0
20191031111638,10.1.0.2,20329,10.1.0.1,15829,3,0.0-31.9,12406800,3106809
20191031111638,10.1.0.1,15829,10.1.0.2,20329,3,0.0-31.9,12397980,3106659,0.136,6,8440,0.071,0
20191031111638,10.1.0.2,20275,10.1.0.1,15775,3,0.0-45.9,12468540,2171901
20191031111638,10.1.0.1,15775,10.1.0.2,20275,3,0.0-45.9,12455310,2171918,0.093,9,8482,0.106,0
20191031111639,10.1.0.2,20122,10.1.0.1,15622,3,0.0-87.8,1674330,152575
20191031111639,10.1.0.1,15622,10.1.0.2,20122,3,0.0-87.7,1674330,152657,0.143,0,1139,0.000,0
20191031111639,10.1.0.2,20374,10.1.0.1,15874,3,0.0-22.4,4271820,1524731
20191031111639,10.1.0.1,15874,10.1.0.2,20374,3,0.0-22.4,4268880,1524952,0.068,2,2906,0.069,0
20191031111639,10.1.0.2,20435,10.1.0.1,15935,3,0.0-9.2,733530,635900
20191031111639,10.1.0.2,20397,10.1.0.1,15897,3,0.0-17.6,3289860,1491963
20191031111639,10.1.0.2,20138,10.1.0.1,15638,3,0.0-83.8,5234670,499711
20191031111639,10.1.0.1,15935,10.1.0.2,20435,3,0.0-9.2,733530,636204,0.093,0,499,0.000,0
20191031111639,10.1.0.1,15638,10.1.0.2,20138,3,0.0-83.8,5233200,499708,0.117,1,3561,0.028,0
20191031111640,10.1.0.1,15897,10.1.0.2,20397,3,0.0-17.6,3288390,1492124,0.079,1,2238,0.045,0
20191031111640,10.1.0.2,20154,10.1.0.1,15654,3,0.0-79.9,8974350,898047
20191031111640,10.1.0.1,15654,10.1.0.2,20154,3,0.0-79.9,8974350,898072,0.069,0,6105,0.000,0
20191031111640,10.1.0.2,20238,10.1.0.1,15738,3,0.0-55.2,6265140,907263
20191031111640,10.1.0.1,15738,10.1.0.2,20238,3,0.0-55.2,6262200,907399,0.079,2,4262,0.047,0
20191031111640,10.1.0.2,20174,10.1.0.1,15674,3,0.0-75.0,8587740,915455
20191031111640,10.1.0.1,15674,10.1.0.2,20174,3,0.0-75.0,8587740,915508,0.252,0,5842,0.000,0
20191031111640,10.1.0.2,20256,10.1.0.1,15756,3,0.0-53.0,1966860,296959
20191031111640,10.1.0.1,15756,10.1.0.2,20256,3,0.0-53.0,1966860,296977,0.088,0,1338,0.000,0
20191031111641,10.1.0.2,20422,10.1.0.1,15922,3,0.0-14.3,111720,62463
20191031111641,10.1.0.2,20269,10.1.0.1,15769,3,0.0-50.0,11388090,1820670
20191031111641,10.1.0.1,15922,10.1.0.2,20422,3,0.0-14.3,111720,62503,62.948,0,76,0.000,0
20191031111641,10.1.0.2,20173,10.1.0.1,15673,3,0.0-75.7,9121350,963583
20191031111641,10.1.0.2,20102,10.1.0.1,15602,3,0.0-96.4,61678260,5119996
20191031111641,10.1.0.2,20187,10.1.0.1,15687,3,0.0-71.1,6870780,773119
20191031111641,10.1.0.1,15673,10.1.0.2,20173,3,0.0-75.7,9118410,963628,0.070,2,6205,0.032,0
20191031111641,10.1.0.1,15769,10.1.0.2,20269,3,0.0-50.0,11380740,1820609,0.061,5,7747,0.065,0
20191031111641,10.1.0.2,20151,10.1.0.1,15651,3,0.0-82.5,3114930,302079
20191031111641,10.1.0.1,15651,10.1.0.2,20151,3,0.0-82.4,3113460,302117,0.101,1,2119,0.047,0
20191031111641,10.1.0.1,15602,10.1.0.2,20102,3,0.0-96.2,61585650,5119852,0.077,63,41958,0.150,0
20191031111641,10.1.0.1,15687,10.1.0.2,20187,3,0.0-71.1,6867840,773117,0.126,2,4674,0.043,0
20191031111641,10.1.0.2,20405,10.1.0.1,15905,3,0.0-19.0,15443820,6495207
20191031111641,10.1.0.1,15905,10.1.0.2,20405,3,0.0-19.0,15424710,6494758,0.063,13,10506,0.124,0
20191031111642,10.1.0.2,20103,10.1.0.1,15603,3,0.0-96.7,14971950,1239038
20191031111642,10.1.0.1,15603,10.1.0.2,20103,3,0.0-96.7,14970480,1239111,0.060,1,10185,0.010,0
20191031111642,10.1.0.2,20306,10.1.0.1,15806,3,0.0-42.9,1053990,196607
20191031111642,10.1.0.1,15806,10.1.0.2,20306,3,0.0-42.9,1053990,196653,0.101,0,717,0.000,0
20191031111642,10.1.0.2,20169,10.1.0.1,15669,3,0.0-78.2,7310310,747519
20191031111642,10.1.0.2,20206,10.1.0.1,15706,3,0.0-67.4,12384750,1469438
20191031111642,10.1.0.1,15669,10.1.0.2,20169,3,0.0-78.2,7308840,747631,1.071,1,4973,0.020,0
20191031111642,10.1.0.1,15706,10.1.0.2,20206,3,0.0-67.4,12383280,1469473,0.617,1,8425,0.012,0
20191031111643,10.1.0.2,20305,10.1.0.1,15805,3,0.0-44.1,852600,154623
20191031111643,10.1.0.1,15805,10.1.0.2,20305,3,0.0-44.1,852600,154639,0.099,0,580,0.000,0
20191031111643,10.1.0.2,20262,10.1.0.1,15762,3,0.0-53.8,5987310,889855
20191031111643,10.1.0.1,15762,10.1.0.2,20262,3,0.0-53.8,5985840,889856,0.147,1,4073,0.025,0
20191031111643,10.1.0.2,20360,10.1.0.1,15860,3,0.0-30.0,2282910,609279
20191031111643,10.1.0.1,15860,10.1.0.2,20360,3,0.0-30.0,2282910,609620,0.100,0,1553,0.000,0
20191031111644,10.1.0.2,20441,10.1.0.1,15941,3,0.0-12.5,1503810,960505
20191031111644,10.1.0.1,15941,10.1.0.2,20441,3,0.0-12.5,1503810,961137,0.065,0,1023,0.000,0
20191031111645,10.1.0.2,20375,10.1.0.1,15875,3,0.0-27.8,4498200,1294332
20191031111645,10.1.0.1,15875,10.1.0.2,20375,3,0.0-27.8,4493790,1294349,0.067,3,3060,0.098,0
20191031111645,10.1.0.2,20254,10.1.0.1,15754,3,0.0-58.3,5158230,707583
20191031111645,10.1.0.1,15754,10.1.0.2,20254,3,0.0-58.3,5156760,707650,0.077,1,3509,0.028,0
20191031111646,10.1.0.2,20463,10.1.0.1,15963,3,0.0-9.0,1034880,918521
20191031111646,10.1.0.2,20140,10.1.0.1,15640,3,0.0-89.8,15931860,1419262
20191031111646,10.1.0.1,15640,10.1.0.2,20140,3,0.0-89.8,15925980,1419254,0.082,4,10838,0.037,0
20191031111646,10.1.0.2,20479,10.1.0.1,15979,3,0.0-5.7,652680,918511
20191031111646,10.1.0.1,15979,10.1.0.2,20479,3,0.0-5.7,649740,919088,0.073,2,444,0.450,0
20191031111646,10.1.0.1,15963,10.1.0.2,20463,3,0.0-9.0,1031940,919438,0.067,2,704,0.284,0
20191031111646,10.1.0.2,20349,10.1.0.1,15849,3,0.0-35.5,7100100,1598460
20191031111646,10.1.0.1,15849,10.1.0.2,20349,3,0.0-35.5,7091280,1598750,0.737,6,4830,0.124,0
20191031111647,10.1.0.2,20390,10.1.0.1,15890,3,0.0-26.8,1549380,461822
20191031111647,10.1.0.1,15890,10.1.0.2,20390,3,0.0-26.8,1547910,461842,0.588,1,1054,0.095,0
20191031111647,10.1.0.2,20285,10.1.0.1,15785,3,0.0-53.4,1940400,290815
20191031111647,10.1.0.1,15785,10.1.0.2,20285,3,0.0-53.3,1938930,290813,0.104,1,1320,0.076,0
20191031111647,10.1.0.2,20301,10.1.0.1,15801,3,0.0-50.2,10381140,1653759
20191031111647,10.1.0.1,15801,10.1.0.2,20301,3,0.0-50.2,10372320,1653898,0.083,6,7062,0.085,0
20191031111648,10.1.0.2,20281,10.1.0.1,15781,3,0.0-54.6,11202870,1641469
20191031111648,10.1.0.2,20425,10.1.0.1,15925,3,0.0-20.4,1827210,717820
20191031111648,10.1.0.1,15781,10.1.0.2,20281,3,0.0-54.6,11198460,1641578,0.074,3,7621,0.039,0
20191031111648,10.1.0.1,15925,10.1.0.2,20425,3,0.0-20.4,1827210,718300,0.076,0,1243,0.000,0
20191031111648,10.1.0.2,20157,10.1.0.1,15657,3,0.0-87.0,5558070,510975
20191031111648,10.1.0.1,15657,10.1.0.2,20157,3,0.0-87.0,5556600,511031,0.086,1,3781,0.026,0
20191031111648,10.1.0.2,20403,10.1.0.1,15903,3,0.0-26.4,1840440,558079
20191031111648,10.1.0.1,15903,10.1.0.2,20403,3,0.0-26.4,1840440,558413,1.182,0,1252,0.000,0
20191031111649,10.1.0.2,20137,10.1.0.1,15637,3,0.0-93.7,11258730,961535
20191031111649,10.1.0.1,15637,10.1.0.2,20137,3,0.0-93.7,11257260,961552,0.141,1,7659,0.013,0
20191031111649,10.1.0.2,20320,10.1.0.1,15820,3,0.0-45.5,2310840,406527
20191031111649,10.1.0.1,15820,10.1.0.2,20320,3,0.0-45.5,2310840,406622,0.068,0,1572,0.000,0
20191031111649,10.1.0.2,20423,10.1.0.1,15923,3,0.0-23.0,2246160,780285
20191031111649,10.1.0.1,15923,10.1.0.2,20423,3,0.0-23.0,2244690,780636,0.069,1,1528,0.065,0
20191031111650,10.1.0.2,20344,10.1.0.1,15844,3,0.0-40.1,9435930,1882108
20191031111650,10.1.0.1,15844,10.1.0.2,20344,3,0.0-40.1,9427110,1882232,0.061,6,6419,0.093,0
20191031111650,10.1.0.2,20133,10.1.0.1,15633,3,0.0-95.8,25907280,2163710
20191031111650,10.1.0.1,15633,10.1.0.2,20133,3,0.0-95.8,25905810,2163669,0.087,1,17624,0.006,0
20191031111650,10.1.0.2,20234,10.1.0.1,15734,3,0.0-67.3,5559540,660479
20191031111650,10.1.0.1,15734,10.1.0.2,20234,3,0.0-67.3,5559540,660528,0.076,0,3782,0.000,0
20191031111650,10.1.0.2,20195,10.1.0.1,15695,3,0.0-78.0,114660,11759
20191031111650,10.1.0.1,15695,10.1.0.2,20195,3,0.0-78.0,114660,11765,62.791,0,78,0.000,0
20191031111650,10.1.0.2,20165,10.1.0.1,15665,3,0.0-87.6,12693450,1159166
20191031111650,10.1.0.1,15665,10.1.0.2,20165,3,0.0-87.6,12691980,1159113,0.410,1,8635,0.012,0
20191031111651,10.1.0.2,20191,10.1.0.1,15691,3,0.0-79.3,31988670,3225597
20191031111651,10.1.0.1,15691,10.1.0.2,20191,3,0.0-79.3,31987200,3225929,0.077,1,21761,0.005,0
20191031111651,10.1.0.2,20287,10.1.0.1,15787,3,0.0-56.8,7272090,1023997
20191031111651,10.1.0.1,15787,10.1.0.2,20287,3,0.0-56.8,7270620,1024142,0.115,1,4947,0.020,0
20191031111651,10.1.0.2,20404,10.1.0.1,15904,3,0.0-29.1,532140,146431
20191031111651,10.1.0.1,15904,10.1.0.2,20404,3,0.0-29.1,532140,146454,0.265,0,362,0.000,0
20191031111651,10.1.0.2,20430,10.1.0.1,15930,3,0.0-22.6,601230,212991
20191031111651,10.1.0.1,15930,10.1.0.2,20430,3,0.0-22.5,601230,213330,0.115,0,409,0.000,0
20191031111652,10.1.0.2,20504,10.1.0.1,16004,3,0.0-6.2,242550,312317
20191031111652,10.1.0.2,20372,10.1.0.1,15872,3,0.0-36.2,1906590,420863
20191031111652,10.1.0.1,15872,10.1.0.2,20372,3,0.0-36.2,1906590,421111,0.070,0,1297,0.000,0
20191031111652,10.1.0.2,20130,10.1.0.1,15630,3,0.0-98.7,14530950,1177599
20191031111652,10.1.0.1,15630,10.1.0.2,20130,3,0.0-98.7,14530950,1177645,0.056,0,9885,0.000,0
20191031111652,10.1.0.1,16004,10.1.0.2,20504,3,0.0-6.2,241080,312344,0.074,1,165,0.606,0
20191031111652,10.1.0.2,20383,10.1.0.1,15883,3,0.0-33.8,2894430,685054
20191031111652,10.1.0.1,15883,10.1.0.2,20383,3,0.0-33.7,2885610,685259,0.077,6,1969,0.305,0
20191031111653,10.1.0.2,20333,10.1.0.1,15833,3,0.0-45.2,9335970,1653758
20191031111653,10.1.0.1,15833,10.1.0.2,20333,3,0.0-45.2,9334500,1653866,0.155,1,6351,0.016,0
20191031111653,10.1.0.2,20248,10.1.0.1,15748,3,0.0-67.4,15108660,1794046
20191031111653,10.1.0.2,20214,10.1.0.1,15714,3,0.0-76.0,44723280,4709373
20191031111653,10.1.0.1,15748,10.1.0.2,20248,3,0.0-67.3,15104250,1794133,0.086,3,10278,0.029,0
20191031111653,10.1.0.1,15714,10.1.0.2,20214,3,0.0-76.0,44720340,4709232,0.065,2,30424,0.007,0
20191031111654,10.1.0.2,20406,10.1.0.1,15906,3,0.0-31.0,1627290,419839
20191031111654,10.1.0.1,15906,10.1.0.2,20406,3,0.0-31.0,1627290,419895,0.084,0,1107,0.000,0
20191031111654,10.1.0.2,20465,10.1.0.1,15965,3,0.0-17.0,1668450,787452
20191031111654,10.1.0.1,15965,10.1.0.2,20465,3,0.0-16.9,1668450,787646,0.053,0,1135,0.000,0
20191031111654,10.1.0.2,20161,10.1.0.1,15661,3,0.0-92.3,6617940,573439
20191031111654,10.1.0.1,15661,10.1.0.2,20161,3,0.0-92.3,6616470,573432,0.097,1,4502,0.022,0
20191031111655,10.1.0.2,20439,10.1.0.1,15939,3,0.0-24.2,2729790,901117
20191031111655,10.1.0.2,20418,10.1.0.1,15918,3,0.0-30.1,2573970,684029
20191031111655,10.1.0.1,15939,10.1.0.2,20439,3,0.0-24.2,2728320,901115,0.447,1,1857,0.054,0
20191031111655,10.1.0.1,15918,10.1.0.2,20418,3,0.0-30.1,2573970,684279,0.422,0,1751,0.000,0
20191031111655,10.1.0.2,20232,10.1.0.1,15732,3,0.0-72.7,14561820,1601535
20191031111655,10.1.0.1,15732,10.1.0.2,20232,3,0.0-72.7,14557410,1601487,0.085,3,9906,0.030,0
20191031111655,10.1.0.2,20480,10.1.0.1,15980,3,0.0-14.4,2084460,1160188
20191031111655,10.1.0.1,15980,10.1.0.2,20480,3,0.0-14.4,2082990,1160820,0.086,1,1418,0.071,0
20191031111656,10.1.0.2,20225,10.1.0.1,15725,3,0.0-75.4,12436200,1318911
20191031111656,10.1.0.1,15725,10.1.0.2,20225,3,0.0-75.4,12434730,1318898,0.058,1,8460,0.012,0
20191031111656,10.1.0.2,20310,10.1.0.1,15810,3,0.0-55.7,1994790,286719
20191031111656,10.1.0.2,20519,10.1.0.1,16019,3,0.0-8.3,1189230,1143797
20191031111656,10.1.0.1,15810,10.1.0.2,20310,3,0.0-55.6,1993320,286717,0.088,1,1357,0.074,0
20191031111656,10.1.0.1,16019,10.1.0.2,20519,3,0.0-8.3,1183350,1144112,0.062,4,809,0.494,0
20191031111656,10.1.0.2,20250,10.1.0.1,15750,3,0.0-69.7,6341580,728063
20191031111656,10.1.0.1,15750,10.1.0.2,20250,3,0.0-69.7,6341580,728106,0.079,0,4314,0.000,0
20191031111656,10.1.0.2,20200,10.1.0.1,15700,3,0.0-83.4,5638920,540671
20191031111656,10.1.0.1,15700,10.1.0.2,20200,3,0.0-83.4,5638920,540708,0.083,0,3836,0.000,0
20191031111657,10.1.0.2,20339,10.1.0.1,15839,3,0.0-48.1,3010560,500735
20191031111657,10.1.0.1,15839,10.1.0.2,20339,3,0.0-48.1,3010560,500850,0.247,0,2048,0.000,0
20191031111657,10.1.0.2,20188,10.1.0.1,15688,3,0.0-87.3,25075260,2297854
20191031111657,10.1.0.1,15688,10.1.0.2,20188,3,0.0-87.3,25066440,2297844,0.091,6,17058,0.035,0
20191031111657,10.1.0.2,20218,10.1.0.1,15718,3,0.0-77.8,1005480,103423
20191031111657,10.1.0.1,15718,10.1.0.2,20218,3,0.0-77.7,1005480,103486,0.109,0,684,0.000,0
20191031111658,10.1.0.2,20304,10.1.0.1,15804,3,0.0-59.2,3294270,445439
20191031111658,10.1.0.1,15804,10.1.0.2,20304,3,0.0-59.1,3292800,445436,0.093,1,2241,0.045,0
20191031111658,10.1.0.2,20498,10.1.0.1,15998,3,0.0-14.4,926100,514047
20191031111658,10.1.0.1,15998,10.1.0.2,20498,3,0.0-14.4,926100,514641,0.078,0,630,0.000,0
20191031111658,10.1.0.2,20443,10.1.0.1,15943,3,0.0-26.3,19752390,6017007
20191031111658,10.1.0.1,15943,10.1.0.2,20443,3,0.0-26.2,19724460,6017046,0.081,19,13437,0.141,0
20191031111659,10.1.0.2,20327,10.1.0.1,15827,3,0.0-52.9,8477490,1281022
20191031111659,10.1.0.1,15827,10.1.0.2,20327,3,0.0-52.9,8477490,1281098,0.102,0,5767,0.000,0
20191031111659,10.1.0.2,20396,10.1.0.1,15896,3,0.0-37.4,8856750,1894396
20191031111659,10.1.0.1,15896,10.1.0.2,20396,3,0.0-37.4,8852340,1894376,0.072,3,6025,0.050,0
20191031111659,10.1.0.2,20449,10.1.0.1,15949,3,0.0-26.0,3004680,923645
20191031111659,10.1.0.1,15949,10.1.0.2,20449,3,0.0-26.0,3004680,923887,0.115,0,2044,0.000,0
20191031111659,10.1.0.2,20186,10.1.0.1,15686,3,0.0-89.7,1837500,163839
20191031111659,10.1.0.1,15686,10.1.0.2,20186,3,0.0-89.7,1836030,163838,0.072,1,1250,0.080,0
20191031111700,10.1.0.2,20409,10.1.0.1,15909,3,0.0-36.4,680610,149503
20191031111700,10.1.0.1,15909,10.1.0.2,20409,3,0.0-36.4,680610,149517,0.085,0,463,0.000,0
20191031111700,10.1.0.2,20313,10.1.0.1,15813,3,0.0-58.5,3967530,542719
20191031111700,10.1.0.1,15813,10.1.0.2,20313,3,0.0-58.5,3966060,542819,0.083,1,2699,0.037,0
20191031111700,10.1.0.2,20240,10.1.0.1,15740,3,0.0-75.7,14300160,1510397
20191031111700,10.1.0.1,15740,10.1.0.2,20240,3,0.0-75.7,14300160,1510467,0.062,0,9728,0.000,0
20191031111700,10.1.0.2,20530,10.1.0.1,16030,3,0.0-10.5,2206470,1685489
20191031111701,10.1.0.1,16030,10.1.0.2,20530,3,0.0-10.5,2203530,1685648,0.510,2,1501,0.133,0
20191031111701,10.1.0.2,20185,10.1.0.1,15685,3,0.0-92.9,13562220,1167359
20191031111701,10.1.0.1,15685,10.1.0.2,20185,3,0.0-92.9,13559280,1167358,0.088,2,9226,0.022,0
20191031111701,10.1.0.2,20385,10.1.0.1,15885,3,0.0-42.3,585060,110591
20191031111701,10.1.0.2,20466,10.1.0.1,15966,3,0.0-24.0,2594550,864252
20191031111701,10.1.0.1,15885,10.1.0.2,20385,3,0.0-42.3,585060,110621,0.992,0,398,0.000,0
20191031111702,10.1.0.1,15966,10.1.0.2,20466,3,0.0-24.0,2588670,864244,0.088,4,1765,0.227,0
20191031111702,10.1.0.2,20473,10.1.0.1,15973,3,0.0-22.8,4224780,1481722
20191031111702,10.1.0.1,15973,10.1.0.2,20473,3,0.0-22.8,4218900,1481883,0.082,4,2874,0.139,0
20191031111702,10.1.0.2,20537,10.1.0.1,16037,3,0.0-10.4,3430980,2627563
20191031111702,10.1.0.1,16037,10.1.0.2,20537,3,0.0-10.4,3426570,2627661,0.064,3,2334,0.129,0
20191031111702,10.1.0.2,20440,10.1.0.1,15940,3,0.0-30.9,1483230,383999
20191031111702,10.1.0.1,15940,10.1.0.2,20440,3,0.0-30.9,1483230,384095,0.121,0,1009,0.000,0
20191031111702,10.1.0.2,20508,10.1.0.1,16008,3,0.0-16.7,1672860,802813
20191031111702,10.1.0.1,16008,10.1.0.2,20508,3,0.0-16.7,1672860,802920,0.228,0,1138,0.000,0
20191031111703,10.1.0.2,20273,10.1.0.1,15773,3,0.0-70.7,15264480,1727486
20191031111703,10.1.0.1,15773,10.1.0.2,20273,3,0.0-70.7,15263010,1727472,0.198,1,10384,0.010,0
20191031111703,10.1.0.2,20525,10.1.0.1,16025,3,0.0-14.0,163170,93183
20191031111703,10.1.0.1,16025,10.1.0.2,20525,3,0.0-14.0,163170,93210,0.088,0,111,0.000,0
20191031111703,10.1.0.2,20257,10.1.0.1,15757,3,0.0-75.5,21348810,2260989
20191031111703,10.1.0.1,15757,10.1.0.2,20257,3,0.0-75.5,21345870,2261063,0.076,2,14523,0.014,0
20191031111703,10.1.0.2,20494,10.1.0.1,15994,3,0.0-20.3,13178550,5192690
20191031111703,10.1.0.1,15994,10.1.0.2,20494,3,0.0-20.3,13166790,5192569,0.086,8,8965,0.089,0
20191031111704,10.1.0.2,20432,10.1.0.1,15932,3,0.0-34.0,9394770,2211832
20191031111704,10.1.0.1,15932,10.1.0.2,20432,3,0.0-33.9,9385950,2211888,0.070,6,6391,0.094,0
20191031111704,10.1.0.2,20364,10.1.0.1,15864,3,0.0-49.8,4258590,684030
20191031111704,10.1.0.1,15864,10.1.0.2,20364,3,0.0-49.8,4255650,684069,0.063,2,2897,0.069,0
20191031111704,10.1.0.2,20384,10.1.0.1,15884,3,0.0-45.2,19927320,3529723
20191031111704,10.1.0.2,20297,10.1.0.1,15797,3,0.0-67.6,899640,106495
20191031111704,10.1.0.1,15797,10.1.0.2,20297,3,0.0-67.5,899640,106560,0.122,0,612,0.000,0
20191031111704,10.1.0.2,20415,10.1.0.1,15915,3,0.0-40.4,8220240,1628157
20191031111704,10.1.0.1,15915,10.1.0.2,20415,3,0.0-40.3,8208480,1628162,0.089,8,5592,0.143,0
20191031111704,10.1.0.2,20199,10.1.0.1,15699,3,0.0-91.8,17517990,1526782
20191031111704,10.1.0.1,15699,10.1.0.2,20199,3,0.0-91.8,17516520,1526857,0.084,1,11917,0.008,0
20191031111704,10.1.0.1,15884,10.1.0.2,20384,3,0.0-45.2,19921440,3529784,0.057,4,13556,0.030,0
20191031111705,10.1.0.2,20419,10.1.0.1,15919,3,0.0-40.1,4471740,892926
20191031111705,10.1.0.1,15919,10.1.0.2,20419,3,0.0-40.1,4471740,893089,0.329,0,3042,0.000,0
20191031111705,10.1.0.2,20490,10.1.0.1,15990,3,0.0-22.7,294000,103423
20191031111705,10.1.0.1,15990,10.1.0.2,20490,3,0.0-22.7,294000,103576,0.109,0,200,0.000,0
20191031111705,10.1.0.2,20541,10.1.0.1,16041,3,0.0-12.2,2440200,1598453
20191031111705,10.1.0.1,16041,10.1.0.2,20541,3,0.0-12.2,2431380,1598524,0.060,6,1660,0.361,0
20191031111706,10.1.0.2,20179,10.1.0.1,15679,3,0.0-98.7,77098560,6246395
20191031111706,10.1.0.1,15679,10.1.0.2,20179,3,0.0-98.7,77077980,6246406,0.082,14,52448,0.027,0
20191031111706,10.1.0.2,20394,10.1.0.1,15894,3,0.0-45.2,6567960,1163262
20191031111706,10.1.0.1,15894,10.1.0.2,20394,3,0.0-45.1,6565020,1163262,0.064,2,4468,0.045,0
20191031111706,10.1.0.2,20340,10.1.0.1,15840,3,0.0-57.4,11185230,1558520
20191031111707,10.1.0.1,15840,10.1.0.2,20340,3,0.0-57.4,11185230,1558635,0.740,0,7609,0.000,0
20191031111707,10.1.0.2,20282,10.1.0.1,15782,3,0.0-73.4,2979690,324607
20191031111707,10.1.0.1,15782,10.1.0.2,20282,3,0.0-73.4,2978220,324606,0.105,1,2027,0.049,0
20191031111707,10.1.0.2,20299,10.1.0.1,15799,3,0.0-69.9,3988110,456703
20191031111707,10.1.0.1,15799,10.1.0.2,20299,3,0.0-69.8,3988110,456801,0.234,0,2713,0.000,0
20191031111708,10.1.0.2,20532,10.1.0.1,16032,3,0.0-17.3,4060140,1881083
20191031111708,10.1.0.2,20228,10.1.0.1,15728,3,0.0-86.6,13551930,1251326
20191031111708,10.1.0.1,15728,10.1.0.2,20228,3,0.0-86.6,13548990,1251376,0.088,2,9219,0.022,0
20191031111708,10.1.0.1,16032,10.1.0.2,20532,3,0.0-17.2,4049850,1881080,0.096,7,2762,0.253,0
20191031111708,10.1.0.2,20221,10.1.0.1,15721,3,0.0-88.2,2923830,265215
20191031111708,10.1.0.1,15721,10.1.0.2,20221,3,0.0-88.2,2923830,265224,0.265,0,1989,0.000,0
20191031111708,10.1.0.2,20549,10.1.0.1,16049,3,0.0-11.6,289590,199679
20191031111708,10.1.0.1,16049,10.1.0.2,20549,3,0.0-11.6,289590,200114,0.055,0,197,0.000,0
20191031111709,10.1.0.2,20205,10.1.0.1,15705,3,0.0-94.2,10095960,857087
20191031111709,10.1.0.2,20484,10.1.0.1,15984,3,0.0-27.5,7455840,2170873
20191031111709,10.1.0.1,15705,10.1.0.2,20205,3,0.0-94.2,10094490,857079,0.129,1,6868,0.015,0
20191031111709,10.1.0.2,20391,10.1.0.1,15891,3,0.0-49.2,3300150,536575
20191031111709,10.1.0.1,15984,10.1.0.2,20484,3,0.0-27.5,7452900,2170802,0.058,2,5072,0.039,0
20191031111709,10.1.0.1,15891,10.1.0.2,20391,3,0.0-49.2,3300150,536736,0.077,0,2245,0.000,0
20191031111709,10.1.0.2,20324,10.1.0.1,15824,3,0.0-64.2,1052520,131071
20191031111709,10.1.0.1,15824,10.1.0.2,20324,3,0.0-64.2,1052520,131172,0.529,0,716,0.000,0
20191031111710,10.1.0.2,20522,10.1.0.1,16022,3,0.0-21.1,2341710,888830
20191031111710,10.1.0.1,16022,10.1.0.2,20522,3,0.0-21.1,2340240,888857,0.060,1,1593,0.063,0
20191031111710,10.1.0.2,20373,10.1.0.1,15873,3,0.0-53.1,1672860,251903
20191031111710,10.1.0.1,15873,10.1.0.2,20373,3,0.0-53.1,1672860,251954,0.308,0,1138,0.000,0
20191031111710,10.1.0.2,20453,10.1.0.1,15953,3,0.0-36.2,1975680,436223
20191031111710,10.1.0.1,15953,10.1.0.2,20453,3,0.0-36.2,1975680,436295,0.078,0,1344,0.000,0
20191031111710,10.1.0.2,20315,10.1.0.1,15815,3,0.0-68.3,1293600,151551
20191031111710,10.1.0.2,20239,10.1.0.1,15739,3,0.0-85.8,21397320,1995776
20191031111710,10.1.0.1,15739,10.1.0.2,20239,3,0.0-85.8,21395850,1995713,0.065,1,14556,0.007,0
20191031111710,10.1.0.2,20247,10.1.0.1,15747,3,0.0-84.7,11239620,1061887
20191031111710,10.1.0.2,20395,10.1.0.1,15895,3,0.0-49.3,6610590,1072126
20191031111710,10.1.0.1,15747,10.1.0.2,20247,3,0.0-84.7,11239620,1061920,0.082,0,7646,0.000,0
20191031111710,10.1.0.1,15895,10.1.0.2,20395,3,0.0-49.3,6607650,1072227,0.083,2,4497,0.044,0
20191031111711,10.1.0.1,15815,10.1.0.2,20315,3,0.0-68.3,1293600,151558,0.078,0,880,0.000,0
20191031111711,10.1.0.2,20261,10.1.0.1,15761,3,0.0-81.9,22718850,2219005
20191031111711,10.1.0.1,15761,10.1.0.2,20261,3,0.0-81.9,22717380,2219078,0.075,1,15455,0.006,0
20191031111711,10.1.0.2,20371,10.1.0.1,15871,3,0.0-55.8,17393040,2492414
20191031111711,10.1.0.1,15871,10.1.0.2,20371,3,0.0-55.8,17388630,2492398,0.090,3,11832,0.025,0
20191031111711,10.1.0.2,20202,10.1.0.1,15702,3,0.0-97.6,33767370,2767870
20191031111711,10.1.0.1,15702,10.1.0.2,20202,3,0.0-97.6,33752670,2767834,0.092,10,22971,0.044,0
20191031111711,10.1.0.2,20428,10.1.0.1,15928,3,0.0-43.1,17547390,3260410
20191031111712,10.1.0.1,15928,10.1.0.2,20428,3,0.0-43.0,17537100,3260320,0.060,7,11937,0.059,0
20191031111712,10.1.0.2,20392,10.1.0.1,15892,3,0.0-51.9,219030,33791
20191031111712,10.1.0.1,15892,10.1.0.2,20392,3,0.0-51.8,219030,33795,0.118,0,149,0.000,0
20191031111712,10.1.0.2,20379,10.1.0.1,15879,3,0.0-54.2,14498610,2141180
20191031111712,10.1.0.1,15879,10.1.0.2,20379,3,0.0-54.1,14485380,2141101,0.103,9,9863,0.091,0
20191031111712,10.1.0.2,20365,10.1.0.1,15865,3,0.0-57.6,3067890,425983
20191031111712,10.1.0.1,15865,10.1.0.2,20365,3,0.0-57.6,3067890,426039,0.079,0,2087,0.000,0
20191031111713,10.1.0.2,20475,10.1.0.1,15975,3,0.0-34.0,3567690,838654
20191031111713,10.1.0.1,15975,10.1.0.2,20475,3,0.0-34.0,3566220,838801,0.112,1,2427,0.041,0
20191031111714,10.1.0.2,20335,10.1.0.1,15835,3,0.0-65.9,12330360,1496062
20191031111714,10.1.0.1,15835,10.1.0.2,20335,3,0.0-65.9,12327420,1496038,0.074,2,8388,0.024,0
20191031111714,10.1.0.2,20461,10.1.0.1,15961,3,0.0-37.8,1677270,355327
20191031111714,10.1.0.1,15961,10.1.0.2,20461,3,0.0-37.8,1677270,355399,0.071,0,1141,0.000,0
20191031111714,10.1.0.2,20566,10.1.0.1,16066,3,0.0-13.0,786450,483324
20191031111714,10.1.0.1,16066,10.1.0.2,20566,3,0.0-13.0,784980,483754,0.054,1,535,0.187,0
20191031111714,10.1.0.2,20314,10.1.0.1,15814,3,0.0-72.8,5506620,605183
20191031111714,10.1.0.2,20288,10.1.0.1,15788,3,0.0-79.9,17606190,1763326
20191031111714,10.1.0.1,15788,10.1.0.2,20288,3,0.0-79.9,17604720,1763362,0.079,1,11977,0.008,0
20191031111715,10.1.0.1,15814,10.1.0.2,20314,3,0.0-72.8,5505150,605299,0.074,1,3746,0.027,0
20191031111715,10.1.0.2,20378,10.1.0.1,15878,3,0.0-57.4,4440870,618495
20191031111715,10.1.0.1,15878,10.1.0.2,20378,3,0.0-57.4,4440870,618567,0.236,0,3021,0.000,0
20191031111715,10.1.0.2,20545,10.1.0.1,16045,3,0.0-20.5,2009490,782333
20191031111715,10.1.0.2,20399,10.1.0.1,15899,3,0.0-53.6,329280,49151
20191031111715,10.1.0.1,16045,10.1.0.2,20545,3,0.0-20.5,2008020,782419,0.115,1,1367,0.073,0
20191031111716,10.1.0.1,15899,10.1.0.2,20399,3,0.0-53.6,329280,49172,0.106,0,224,0.000,0
20191031111716,10.1.0.2,20332,10.1.0.1,15832,3,0.0-68.8,10266480,1193983
20191031111716,10.1.0.1,15832,10.1.0.2,20332,3,0.0-68.7,10260600,1194048,0.062,4,6984,0.057,0
20191031111716,10.1.0.2,20215,10.1.0.1,15715,3,0.0-98.2,7554330,615423
20191031111716,10.1.0.1,15715,10.1.0.2,20215,3,0.0-98.2,7552860,615498,0.091,1,5139,0.019,0
20191031111716,10.1.0.2,20604,10.1.0.1,16104,3,0.0-6.4,1218630,1516533
20191031111716,10.1.0.1,16104,10.1.0.2,20604,3,0.0-6.4,1215690,1516624,0.067,2,829,0.241,0
20191031111716,10.1.0.2,20578,10.1.0.1,16078,3,0.0-12.0,2103570,1401841
20191031111716,10.1.0.1,16078,10.1.0.2,20578,3,0.0-12.0,2102100,1402074,0.087,1,1431,0.070,0
20191031111716,10.1.0.2,20227,10.1.0.1,15727,3,0.0-95.6,3964590,331775
20191031111716,10.1.0.2,20451,10.1.0.1,15951,3,0.0-43.4,6016710,1108990
20191031111716,10.1.0.2,20571,10.1.0.1,16071,3,0.0-13.6,148470,87039
20191031111716,10.1.0.1,15727,10.1.0.2,20227,3,0.0-95.6,3964590,331834,0.111,0,2697,0.000,0
20191031111717,10.1.0.1,15951,10.1.0.2,20451,3,0.0-43.4,6012300,1109133,0.065,3,4093,0.073,0
20191031111717,10.1.0.1,16071,10.1.0.2,20571,3,0.0-13.5,147000,87042,0.079,1,101,0.990,0
20191031111717,10.1.0.2,20472,10.1.0.1,15972,3,0.0-38.1,29938020,6292472
20191031111717,10.1.0.2,20255,10.1.0.1,15755,3,0.0-89.6,3453030,308223
20191031111717,10.1.0.1,15972,10.1.0.2,20472,3,0.0-38.1,29929200,6292262,0.075,6,20366,0.029,0
20191031111717,10.1.0.1,15755,10.1.0.2,20255,3,0.0-89.6,3451560,308211,0.263,1,2349,0.043,0
20191031111717,10.1.0.2,20369,10.1.0.1,15869,3,0.0-61.6,5472810,710655
20191031111717,10.1.0.1,15869,10.1.0.2,20369,3,0.0-61.6,5471340,710714,0.225,1,3723,0.027,0
20191031111717,10.1.0.2,20211,10.1.0.1,15711,3,0.0-100.0,147000,11759
20191031111717,10.1.0.1,15711,10.1.0.2,20211,3,0.0-100.0,147000,11762,62.587,0,100,0.000,0
20191031111717,10.1.0.2,20511,10.1.0.1,16011,3,0.0-30.8,8456910,2197499
20191031111717,10.1.0.1,16011,10.1.0.2,20511,3,0.0-30.8,8451030,2197505,0.083,4,5753,0.070,0
20191031111717,10.1.0.2,20447,10.1.0.1,15947,3,0.0-44.9,792330,141311
20191031111717,10.1.0.1,15947,10.1.0.2,20447,3,0.0-44.9,792330,141327,0.071,0,539,0.000,0
20191031111718,10.1.0.2,20596,10.1.0.1,16096,3,0.0-9.6,436590,363517
20191031111718,10.1.0.1,16096,10.1.0.2,20596,3,0.0-9.6,436590,363778,0.097,0,297,0.000,0
20191031111718,10.1.0.2,20471,10.1.0.1,15971,3,0.0-39.2,2998800,611326
20191031111718,10.1.0.1,15971,10.1.0.2,20471,3,0.0-39.2,2997330,611304,0.086,1,2040,0.049,0
20191031111718,10.1.0.2,20252,10.1.0.1,15752,3,0.0-91.4,15880410,1390591
20191031111718,10.1.0.1,15752,10.1.0.2,20252,3,0.0-91.3,15877470,1390574,0.050,2,10803,0.019,0
20191031111718,10.1.0.2,20376,10.1.0.1,15876,3,0.0-61.2,5855010,764927
20191031111719,10.1.0.1,15876,10.1.0.2,20376,3,0.0-61.2,5853540,764922,0.076,1,3983,0.025,0
20191031111719,10.1.0.2,20527,10.1.0.1,16027,3,0.0-29.2,2160900,591870
20191031111719,10.1.0.1,16027,10.1.0.2,20527,3,0.0-29.2,2159430,592028,0.405,1,1470,0.068,0
20191031111719,10.1.0.2,20298,10.1.0.1,15798,3,0.0-81.9,5919690,578559
20191031111719,10.1.0.1,15798,10.1.0.2,20298,3,0.0-81.8,5918220,578639,0.314,1,4027,0.025,0
20191031111719,10.1.0.2,20590,10.1.0.1,16090,3,0.0-12.2,604170,396284
20191031111719,10.1.0.1,16090,10.1.0.2,20590,3,0.0-12.2,602700,396677,0.366,1,411,0.243,0
20191031111719,10.1.0.2,20586,10.1.0.1,16086,3,0.0-13.6,1228920,720891
20191031111719,10.1.0.1,16086,10.1.0.2,20586,3,0.0-13.6,1227450,721116,0.156,1,836,0.120,0
20191031111719,10.1.0.2,20353,10.1.0.1,15853,3,0.0-67.4,30123240,3575804
20191031111719,10.1.0.1,15853,10.1.0.2,20353,3,0.0-67.3,30102660,3575857,0.094,14,20492,0.068,0
20191031111720,10.1.0.2,20358,10.1.0.1,15858,3,0.0-66.7,1938930,232447
20191031111720,10.1.0.1,15858,10.1.0.2,20358,3,0.0-66.7,1938930,232513,0.080,0,1319,0.000,0
20191031111721,10.1.0.2,20330,10.1.0.1,15830,3,0.0-74.4,15568770,1673213
20191031111721,10.1.0.1,15830,10.1.0.2,20330,3,0.0-74.4,15561420,1673223,0.816,5,10591,0.047,0
20191031111721,10.1.0.2,20293,10.1.0.1,15793,3,0.0-85.2,19080600,1790975
20191031111721,10.1.0.1,15793,10.1.0.2,20293,3,0.0-85.2,19079130,1791011,0.094,1,12980,0.008,0
20191031111722,10.1.0.2,20476,10.1.0.1,15976,3,0.0-42.3,10426710,1971196
20191031111722,10.1.0.2,20559,10.1.0.1,16059,3,0.0-23.1,10069500,3480566
20191031111722,10.1.0.1,16059,10.1.0.2,20559,3,0.0-23.1,10065090,3480561,0.074,3,6850,0.044,0
20191031111722,10.1.0.1,15976,10.1.0.2,20476,3,0.0-42.3,10425240,1971168,0.067,1,7093,0.014,0
20191031111722,10.1.0.2,20408,10.1.0.1,15908,3,0.0-59.1,14397180,1947647
20191031111722,10.1.0.1,15908,10.1.0.2,20408,3,0.0-59.1,14388360,1947641,0.067,6,9794,0.061,0
20191031111722,10.1.0.2,20574,10.1.0.1,16074,3,0.0-19.1,1305360,546814
20191031111722,10.1.0.1,16074,10.1.0.2,20574,3,0.0-19.1,1303890,547263,0.110,1,888,0.113,0
20191031111722,10.1.0.2,20268,10.1.0.1,15768,3,0.0-92.0,13359360,1161215
20191031111722,10.1.0.1,15768,10.1.0.2,20268,3,0.0-92.0,13357890,1161219,0.077,1,9088,0.011,0
20191031111722,10.1.0.2,20326,10.1.0.1,15826,3,0.0-76.6,2107980,220159
20191031111723,10.1.0.2,20526,10.1.0.1,16026,3,0.0-33.5,2263800,540671
20191031111723,10.1.0.2,20583,10.1.0.1,16083,3,0.0-17.9,887880,396286
20191031111723,10.1.0.1,16026,10.1.0.2,20526,3,0.0-33.5,2262330,540915,0.070,1,1540,0.065,0
20191031111723,10.1.0.1,15826,10.1.0.2,20326,3,0.0-76.6,2107980,220206,0.241,0,1434,0.000,0
20191031111723,10.1.0.1,16083,10.1.0.2,20583,3,0.0-17.9,886410,396305,0.082,1,604,0.166,0
20191031111723,10.1.0.2,20267,10.1.0.1,15767,3,0.0-93.1,12965400,1114111
20191031111723,10.1.0.1,15767,10.1.0.2,20267,3,0.0-93.1,12959520,1114123,0.068,4,8820,0.045,0
20191031111723,10.1.0.2,20485,10.1.0.1,15985,3,0.0-41.9,1405320,268287
20191031111723,10.1.0.1,15985,10.1.0.2,20485,3,0.0-41.9,1405320,268307,0.093,0,956,0.000,0
20191031111723,10.1.0.2,20243,10.1.0.1,15743,3,0.0-98.1,14372190,1171455
20191031111724,10.1.0.1,15743,10.1.0.2,20243,3,0.0-98.1,14370720,1171542,0.083,1,9777,0.010,0
20191031111724,10.1.0.2,20477,10.1.0.1,15977,3,0.0-44.5,4604040,828414
20191031111724,10.1.0.1,15977,10.1.0.2,20477,3,0.0-44.4,4601100,828446,0.075,2,3132,0.064,0
20191031111724,10.1.0.2,20622,10.1.0.1,16122,3,0.0-9.4,612990,523259
20191031111724,10.1.0.1,16122,10.1.0.2,20622,3,0.0-9.3,611520,523984,0.055,1,417,0.240,0
20191031111724,10.1.0.2,20258,10.1.0.1,15758,3,0.0-96.5,12665520,1049599
20191031111725,10.1.0.1,15758,10.1.0.2,20258,3,0.0-96.5,12662580,1049619,0.059,2,8616,0.023,0
20191031111725,10.1.0.2,20514,10.1.0.1,16014,3,0.0-37.9,2623950,553983
20191031111725,10.1.0.1,16014,10.1.0.2,20514,3,0.0-37.8,2621010,554093,0.079,2,1785,0.112,0
20191031111725,10.1.0.2,20377,10.1.0.1,15877,3,0.0-67.4,17428320,2067454
20191031111725,10.1.0.1,15877,10.1.0.2,20377,3,0.0-67.4,17422440,2067599,0.605,4,11856,0.034,0
20191031111726,10.1.0.2,20416,10.1.0.1,15916,3,0.0-61.9,8458380,1093630
20191031111726,10.1.0.1,15916,10.1.0.2,20416,3,0.0-61.9,8458380,1093711,0.066,0,5754,0.000,0
20191031111726,10.1.0.2,20610,10.1.0.1,16110,3,0.0-13.8,7814520,4518871
20191031111726,10.1.0.1,16110,10.1.0.2,20610,3,0.0-13.8,7808640,4519006,0.059,4,5316,0.075,0
20191031111726,10.1.0.2,20296,10.1.0.1,15796,3,0.0-89.5,1546440,138239
20191031111726,10.1.0.1,15796,10.1.0.2,20296,3,0.0-89.4,1544970,138238,0.061,1,1052,0.095,0
20191031111726,10.1.0.2,20577,10.1.0.1,16077,3,0.0-22.4,4199790,1501178
20191031111726,10.1.0.1,16077,10.1.0.2,20577,3,0.0-22.4,4196850,1501455,0.080,2,2857,0.070,0
20191031111726,10.1.0.2,20436,10.1.0.1,15936,3,0.0-56.0,660030,94207
20191031111726,10.1.0.1,15936,10.1.0.2,20436,3,0.0-56.0,660030,94228,0.586,0,449,0.000,0
20191031111726,10.1.0.2,20295,10.1.0.1,15795,3,0.0-90.1,10850070,963583
20191031111727,10.1.0.1,15795,10.1.0.2,20295,3,0.0-90.1,10850070,963668,0.078,0,7381,0.000,0
20191031111727,10.1.0.2,20620,10.1.0.1,16120,3,0.0-12.6,1189230,756729
20191031111727,10.1.0.1,16120,10.1.0.2,20620,3,0.0-12.5,1186290,756759,0.047,2,809,0.247,0
20191031111727,10.1.0.2,20521,10.1.0.1,16021,3,0.0-38.8,13412280,2765816
20191031111727,10.1.0.1,16021,10.1.0.2,20521,3,0.0-38.7,13394640,2765784,0.080,12,9124,0.132,0
20191031111728,10.1.0.2,20478,10.1.0.1,15978,3,0.0-47.6,8455440,1421310
20191031111728,10.1.0.2,20615,10.1.0.1,16115,3,0.0-14.1,94080,53247
20191031111728,10.1.0.1,16115,10.1.0.2,20615,3,0.0-14.1,94080,53262,62.582,0,64,0.000,0
20191031111728,10.1.0.2,20638,10.1.0.1,16138,3,0.0-8.0,321930,320508
20191031111728,10.1.0.1,16138,10.1.0.2,20638,3,0.0-8.0,318990,320525,0.099,2,219,0.913,0
20191031111728,10.1.0.1,15978,10.1.0.2,20478,3,0.0-47.6,8452500,1421255,0.067,2,5752,0.035,0
20191031111728,10.1.0.2,20496,10.1.0.1,15996,3,0.0-44.8,3752910,669694
20191031111728,10.1.0.1,15996,10.1.0.2,20496,3,0.0-44.7,3744090,669691,0.075,6,2553,0.235,0
20191031111728,10.1.0.2,20505,10.1.0.1,16005,3,0.0-42.9,505680,94207
20191031111728,10.1.0.1,16005,10.1.0.2,20505,3,0.0-42.9,505680,94287,0.086,0,344,0.000,0
20191031111729,10.1.0.2,20456,10.1.0.1,15956,3,0.0-54.2,2631300,388095
20191031111729,10.1.0.1,15956,10.1.0.2,20456,3,0.0-54.2,2631300,388251,0.098,0,1790,0.000,0
20191031111729,10.1.0.2,20318,10.1.0.1,15818,3,0.0-85.8,13551930,1263614
20191031111729,10.1.0.1,15818,10.1.0.2,20318,3,0.0-85.8,13548990,1263594,0.547,2,9219,0.022,0
20191031111729,10.1.0.2,20424,10.1.0.1,15924,3,0.0-61.9,8545110,1103871
20191031111729,10.1.0.1,15924,10.1.0.2,20424,3,0.0-61.9,8543640,1103896,0.513,1,5813,0.017,0
20191031111729,10.1.0.2,20593,10.1.0.1,16093,3,0.0-22.1,3860220,1395707
20191031111729,10.1.0.1,16093,10.1.0.2,20593,3,0.0-22.1,3860220,1395972,0.088,0,2626,0.000,0
20191031111729,10.1.0.2,20462,10.1.0.1,15962,3,0.0-53.0,7821870,1181694
20191031111729,10.1.0.1,15962,10.1.0.2,20462,3,0.0-52.9,7817460,1181676,0.073,3,5321,0.056,0
20191031111730,10.1.0.2,20433,10.1.0.1,15933,3,0.0-59.8,18025140,2409464
20191031111730,10.1.0.1,15933,10.1.0.2,20433,3,0.0-59.8,18022200,2409575,0.075,2,12262,0.016,0
20191031111730,10.1.0.2,20499,10.1.0.1,15999,3,0.0-44.8,7949760,1419261
20191031111730,10.1.0.1,15999,10.1.0.2,20499,3,0.0-44.8,7946820,1419363,0.079,2,5408,0.037,0
20191031111730,10.1.0.2,20322,10.1.0.1,15822,3,0.0-86.3,9632910,892927
20191031111730,10.1.0.1,15822,10.1.0.2,20322,3,0.0-86.3,9632910,892964,0.085,0,6553,0.000,0
20191031111730,10.1.0.2,20598,10.1.0.1,16098,3,0.0-21.3,4068960,1525753
20191031111730,10.1.0.2,20446,10.1.0.1,15946,3,0.0-57.7,12120150,1680381
20191031111730,10.1.0.2,20401,10.1.0.1,15901,3,0.0-68.3,1871310,219135
20191031111730,10.1.0.2,20400,10.1.0.1,15900,3,0.0-68.6,29085420,3393532
20191031111730,10.1.0.1,15900,10.1.0.2,20400,3,0.0-68.5,29075130,3393374,0.081,7,19786,0.035,0
20191031111730,10.1.0.1,16098,10.1.0.2,20598,3,0.0-21.3,4061610,1526048,0.100,5,2768,0.181,0
20191031111730,10.1.0.1,15946,10.1.0.2,20446,3,0.0-57.7,12118680,1680358,0.068,1,8245,0.012,0
20191031111730,10.1.0.1,15901,10.1.0.2,20401,3,0.0-68.3,1871310,219217,0.089,0,1273,0.000,0
20191031111731,10.1.0.2,20381,10.1.0.1,15881,3,0.0-72.3,18108930,2002940
20191031111731,10.1.0.1,15881,10.1.0.2,20381,3,0.0-72.3,18108930,2003006,0.082,0,12319,0.000,0
20191031111731,10.1.0.2,20417,10.1.0.1,15917,3,0.0-66.2,18186840,2197501
20191031111731,10.1.0.1,15917,10.1.0.2,20417,3,0.0-66.2,18185370,2197606,0.057,1,12372,0.008,0
20191031111731,10.1.0.2,20546,10.1.0.1,16046,3,0.0-35.1,170520,38911
20191031111731,10.1.0.2,20307,10.1.0.1,15807,3,0.0-91.9,52383450,4560892
20191031111731,10.1.0.1,16046,10.1.0.2,20546,3,0.0-34.8,169050,38912,62.590,1,116,0.862,0
20191031111731,10.1.0.1,15807,10.1.0.2,20307,3,0.0-91.9,52379040,4560762,0.046,3,35635,0.008,0
20191031111731,10.1.0.2,20450,10.1.0.1,15950,3,0.0-58.4,1105440,151551
20191031111731,10.1.0.1,15950,10.1.0.2,20450,3,0.0-58.3,1105440,151568,0.098,0,752,0.000,0
20191031111731,10.1.0.2,20367,10.1.0.1,15867,3,0.0-76.7,33517470,3497980
20191031111731,10.1.0.1,15867,10.1.0.2,20367,3,0.0-76.6,33511590,3498025,0.071,4,22801,0.018,0
20191031111731,10.1.0.2,20359,10.1.0.1,15859,3,0.0-78.3,1402380,143359
20191031111731,10.1.0.1,15859,10.1.0.2,20359,3,0.0-78.2,1402380,143398,0.126,0,954,0.000,0
20191031111731,10.1.0.2,20594,10.1.0.1,16094,3,0.0-23.8,11042640,3717111
20191031111732,10.1.0.1,16094,10.1.0.2,20594,3,0.0-23.7,11019120,3717127,0.084,16,7512,0.213,0
20191031111732,10.1.0.2,20452,10.1.0.1,15952,3,0.0-58.1,1808100,248831
20191031111732,10.1.0.1,15952,10.1.0.2,20452,3,0.0-58.1,1808100,248898,0.416,0,1230,0.000,0
20191031111732,10.1.0.2,20366,10.1.0.1,15866,3,0.0-77.0,473340,49151
20191031111732,10.1.0.2,20469,10.1.0.1,15969,3,0.0-53.7,21629580,3222523
20191031111732,10.1.0.1,15969,10.1.0.2,20469,3,0.0-53.6,21607530,3222398,0.064,15,14714,0.102,0
20191031111732,10.1.0.1,15866,10.1.0.2,20366,3,0.0-77.0,473340,49161,62.581,0,322,0.000,0
20191031111732,10.1.0.2,20328,10.1.0.1,15828,3,0.0-86.1,4340910,403455
20191031111732,10.1.0.1,15828,10.1.0.2,20328,3,0.0-86.0,4339440,403553,0.115,1,2953,0.034,0
20191031111732,10.1.0.2,20300,10.1.0.1,15800,3,0.0-95.1,18785130,1580030
20191031111732,10.1.0.1,15800,10.1.0.2,20300,3,0.0-95.1,18783660,1580044,0.067,1,12779,0.008,0
20191031111732,10.1.0.2,20460,10.1.0.1,15960,3,0.0-56.1,1990380,283647
20191031111732,10.1.0.1,15960,10.1.0.2,20460,3,0.0-56.1,1990380,283820,0.083,0,1354,0.000,0
20191031111732,10.1.0.2,20657,10.1.0.1,16157,3,0.0-8.3,1020180,984055
20191031111732,10.1.0.1,16157,10.1.0.2,20657,3,0.0-8.3,1018710,984142,0.081,1,694,0.144,0
20191031111733,10.1.0.2,20592,10.1.0.1,16092,3,0.0-25.3,320460,101375
20191031111733,10.1.0.1,16092,10.1.0.2,20592,3,0.0-25.3,320460,101403,62.589,0,218,0.000,0
20191031111733,10.1.0.2,20426,10.1.0.1,15926,3,0.0-64.7,7764540,960510
20191031111733,10.1.0.1,15926,10.1.0.2,20426,3,0.0-64.7,7764540,960579,0.065,0,5282,0.000,0
20191031111733,10.1.0.2,20669,10.1.0.1,16169,3,0.0-5.7,1546440,2170864
20191031111733,10.1.0.2,20434,10.1.0.1,15934,3,0.0-62.9,9765210,1241086
20191031111733,10.1.0.1,16169,10.1.0.2,20669,3,0.0-5.7,1533210,2170261,0.346,9,1052,0.856,0
20191031111733,10.1.0.1,15934,10.1.0.2,20434,3,0.0-62.9,9763740,1241099,0.455,1,6643,0.015,0
20191031111733,10.1.0.2,20660,10.1.0.1,16160,3,0.0-8.5,1511160,1428468
20191031111733,10.1.0.1,16160,10.1.0.2,20660,3,0.0-8.5,1509690,1428575,0.087,1,1028,0.097,0
20191031111733,10.1.0.2,20629,10.1.0.1,16129,3,0.0-15.8,673260,340990
20191031111734,10.1.0.1,16129,10.1.0.2,20629,3,0.0-15.8,671790,340998,0.090,1,458,0.218,0
20191031111734,10.1.0.2,20458,10.1.0.1,15958,3,0.0-57.9,3745560,517119
20191031111734,10.1.0.1,15958,10.1.0.2,20458,3,0.0-57.9,3744090,517191,0.148,1,2548,0.039,0
20191031111734,10.1.0.2,20368,10.1.0.1,15868,3,0.0-78.8,504210,51199
20191031111734,10.1.0.1,15868,10.1.0.2,20368,3,0.0-78.8,504210,51218,0.353,0,343,0.000,0
20191031111734,10.1.0.2,20639,10.1.0.1,16139,3,0.0-14.0,270480,154622
20191031111734,10.1.0.2,20308,10.1.0.1,15808,3,0.0-95.3,9024330,757759
20191031111734,10.1.0.1,15808,10.1.0.2,20308,3,0.0-95.3,9022860,757752,0.063,1,6139,0.016,0
20191031111734,10.1.0.1,16139,10.1.0.2,20639,3,0.0-14.0,270480,154824,0.123,0,184,0.000,0
20191031111735,10.1.0.2,20362,10.1.0.1,15862,3,0.0-81.1,3125220,308223
20191031111735,10.1.0.1,15862,10.1.0.2,20362,3,0.0-81.1,3125220,308236,0.091,0,2126,0.000,0
20191031111736,10.1.0.2,20670,10.1.0.1,16170,3,0.0-8.8,119070,108542
20191031111736,10.1.0.2,20654,10.1.0.1,16154,3,0.0-12.6,576240,366589
20191031111736,10.1.0.1,16170,10.1.0.2,20670,3,0.0-8.7,119070,109195,0.286,0,81,0.000,0
20191031111736,10.1.0.1,16154,10.1.0.2,20654,3,0.0-12.5,574770,366547,0.103,1,392,0.255,0
20191031111736,10.1.0.2,20380,10.1.0.1,15880,3,0.0-78.2,9290400,950271
20191031111736,10.1.0.1,15880,10.1.0.2,20380,3,0.0-78.2,9288930,950265,0.085,1,6320,0.016,0
20191031111736,10.1.0.2,20680,10.1.0.1,16180,3,0.0-6.2,1402380,1798119
20191031111737,10.1.0.1,16180,10.1.0.2,20680,3,0.0-6.2,1399440,1798358,0.051,2,954,0.210,0
20191031111737,10.1.0.2,20518,10.1.0.1,16018,3,0.0-49.0,72030,11759
20191031111737,10.1.0.1,16018,10.1.0.2,20518,3,0.0-48.0,70560,11760,62.552,1,49,2.041,0
20191031111737,10.1.0.2,20470,10.1.0.1,15970,3,0.0-58.4,18686640,2558974
20191031111737,10.1.0.2,20334,10.1.0.1,15834,3,0.0-89.2,1918350,172031
20191031111737,10.1.0.1,15970,10.1.0.2,20470,3,0.0-58.4,18682230,2559044,0.058,3,12712,0.024,0
20191031111737,10.1.0.1,15834,10.1.0.2,20334,3,0.0-89.2,1918350,172093,0.105,0,1305,0.000,0
20191031111738,10.1.0.2,20523,10.1.0.1,16023,3,0.0-49.2,4568760,743422
20191031111738,10.1.0.1,16023,10.1.0.2,20523,3,0.0-49.1,4567290,743421,0.100,1,3108,0.032,0
20191031111738,10.1.0.2,20661,10.1.0.1,16161,3,0.0-12.7,1367100,864253
20191031111738,10.1.0.1,16161,10.1.0.2,20661,3,0.0-12.6,1365630,865074,0.079,1,930,0.108,0
20191031111738,10.1.0.2,20337,10.1.0.1,15837,3,0.0-89.5,4629030,413695
20191031111738,10.1.0.1,15837,10.1.0.2,20337,3,0.0-89.5,4627560,413786,0.082,1,3149,0.032,0
20191031111739,10.1.0.2,20311,10.1.0.1,15811,3,0.0-97.8,23464140,1919998
20191031111739,10.1.0.1,15811,10.1.0.2,20311,3,0.0-97.7,23459730,1919994,0.062,3,15962,0.019,0
20191031111739,10.1.0.2,20361,10.1.0.1,15861,3,0.0-85.3,1977150,185343
20191031111739,10.1.0.2,20325,10.1.0.1,15825,3,0.0-93.2,834960,71679
20191031111739,10.1.0.2,20338,10.1.0.1,15838,3,0.0-90.2,6525330,578559
20191031111739,10.1.0.1,15861,10.1.0.2,20361,3,0.0-85.3,1977150,185353,0.096,0,1345,0.000,0
20191031111739,10.1.0.1,15825,10.1.0.2,20325,3,0.0-93.2,834960,71686,0.077,0,568,0.000,0
20191031111739,10.1.0.1,15838,10.1.0.2,20338,3,0.0-90.2,6523860,578586,0.055,1,4439,0.023,0
20191031111739,10.1.0.2,20556,10.1.0.1,16056,3,0.0-41.0,9788730,1911805
20191031111739,10.1.0.1,16056,10.1.0.2,20556,3,0.0-40.9,9785790,1911759,1.361,2,6659,0.030,0
20191031111739,10.1.0.2,20551,10.1.0.1,16051,3,0.0-42.4,804090,151551
20191031111739,10.1.0.1,16051,10.1.0.2,20551,3,0.0-42.4,804090,151613,0.078,0,547,0.000,0
20191031111739,10.1.0.2,20572,10.1.0.1,16072,3,0.0-36.4,4214490,925694
20191031111739,10.1.0.1,16072,10.1.0.2,20572,3,0.0-36.4,4210080,925732,0.136,3,2867,0.105,0
20191031111739,10.1.0.2,20694,10.1.0.1,16194,3,0.0-6.6,2534280,3050463
20191031111740,10.1.0.1,16194,10.1.0.2,20694,3,0.0-6.6,2521050,3052373,0.083,9,1724,0.522,0
20191031111740,10.1.0.2,20382,10.1.0.1,15882,3,0.0-81.7,14320740,1402878
20191031111740,10.1.0.1,15882,10.1.0.2,20382,3,0.0-81.6,14314860,1402883,0.081,4,9742,0.041,0
20191031111740,10.1.0.2,20646,10.1.0.1,16146,3,0.0-18.2,8489250,3730414
20191031111740,10.1.0.1,16146,10.1.0.2,20646,3,0.0-18.2,8486310,3730707,0.047,2,5775,0.035,0
20191031111740,10.1.0.2,20631,10.1.0.1,16131,3,0.0-22.3,1237740,444413
20191031111740,10.1.0.1,16131,10.1.0.2,20631,3,0.0-22.3,1237740,444562,0.058,0,842,0.000,0
20191031111740,10.1.0.2,20429,10.1.0.1,15929,3,0.0-71.6,17406270,1944574
20191031111740,10.1.0.1,15929,10.1.0.2,20429,3,0.0-71.6,17397450,1944542,0.055,6,11841,0.051,0
20191031111740,10.1.0.2,20538,10.1.0.1,16038,3,0.0-48.9,11930520,1952764
20191031111740,10.1.0.1,16038,10.1.0.2,20538,3,0.0-48.8,11918760,1952788,0.085,8,8116,0.099,0
20191031111741,10.1.0.2,20682,10.1.0.1,16182,3,0.0-10.1,5005350,3962852
20191031111741,10.1.0.1,16182,10.1.0.2,20682,3,0.0-10.1,5000940,3963722,0.081,3,3405,0.088,0
20191031111741,10.1.0.2,20503,10.1.0.1,16003,3,0.0-55.3,1747830,252927
20191031111741,10.1.0.1,16003,10.1.0.2,20503,3,0.0-55.3,1747830,253001,0.074,0,1189,0.000,0
20191031111741,10.1.0.2,20613,10.1.0.1,16113,3,0.0-28.0,9743160,2787319
20191031111741,10.1.0.1,16113,10.1.0.2,20613,3,0.0-27.9,9737280,2787301,0.620,4,6628,0.060,0
20191031111741,10.1.0.2,20684,10.1.0.1,16184,3,0.0-10.3,540960,421882
20191031111741,10.1.0.1,16184,10.1.0.2,20684,3,0.0-10.2,540960,422367,0.207,0,368,0.000,0
20191031111741,10.1.0.2,20659,10.1.0.1,16159,3,0.0-16.7,836430,401407
20191031111742,10.1.0.2,20584,10.1.0.1,16084,3,0.0-36.6,6911940,1510398
20191031111742,10.1.0.1,16084,10.1.0.2,20584,3,0.0-36.6,6904590,1510432,0.057,5,4702,0.106,0
20191031111742,10.1.0.1,16159,10.1.0.2,20659,3,0.0-16.7,836430,401718,0.397,0,569,0.000,0
20191031111742,10.1.0.2,20512,10.1.0.1,16012,3,0.0-55.9,20487390,2933757
20191031111742,10.1.0.1,16012,10.1.0.2,20512,3,0.0-55.8,20482980,2934108,0.063,3,13937,0.022,0
20191031111743,10.1.0.2,20389,10.1.0.1,15889,3,0.0-83.1,8002680,770047
20191031111743,10.1.0.1,15889,10.1.0.2,20389,3,0.0-83.1,8001210,770040,0.073,1,5444,0.018,0
20191031111743,10.1.0.2,20693,10.1.0.1,16193,3,0.0-10.4,57330,44031
20191031111743,10.1.0.1,16193,10.1.0.2,20693,3,0.0-10.1,55860,44035,0.297,1,39,2.564,0
20191031111744,10.1.0.2,20345,10.1.0.1,15845,3,0.0-93.8,15383550,1311743
20191031111744,10.1.0.1,15845,10.1.0.2,20345,3,0.0-93.8,15382080,1311749,0.069,1,10465,0.010,0
20191031111744,10.1.0.2,20635,10.1.0.1,16135,3,0.0-24.1,5159700,1716220
20191031111744,10.1.0.1,16135,10.1.0.2,20635,3,0.0-24.0,5158230,1716451,0.085,1,3510,0.028,0
20191031111744,10.1.0.2,20370,10.1.0.1,15870,3,0.0-88.6,5950560,537599
20191031111744,10.1.0.1,15870,10.1.0.2,20370,3,0.0-88.5,5949090,537587,0.127,1,4048,0.025,0
20191031111744,10.1.0.2,20679,10.1.0.1,16179,3,0.0-14.2,396900,224255
20191031111744,10.1.0.1,16179,10.1.0.2,20679,3,0.0-14.2,396900,224380,0.075,0,270,0.000,0
20191031111744,10.1.0.2,20637,10.1.0.1,16137,3,0.0-24.8,2212350,713726
20191031111744,10.1.0.1,16137,10.1.0.2,20637,3,0.0-24.8,2212350,713865,0.085,0,1505,0.000,0
20191031111745,10.1.0.2,20355,10.1.0.1,15855,3,0.0-92.9,4518780,389119
20191031111745,10.1.0.1,15855,10.1.0.2,20355,3,0.0-92.9,4518780,389119,0.613,0,3074,0.000,0
20191031111745,10.1.0.2,20554,10.1.0.1,16054,3,0.0-47.8,410130,68607
20191031111745,10.1.0.2,20608,10.1.0.1,16108,3,0.0-35.0,3889620,887806
20191031111745,10.1.0.1,16054,10.1.0.2,20554,3,0.0-47.7,408660,68607,0.201,1,279,0.358,0
20191031111745,10.1.0.1,16108,10.1.0.2,20608,3,0.0-35.0,3888150,887812,0.362,1,2646,0.038,0
20191031111746,10.1.0.2,20704,10.1.0.1,16204,3,0.0-10.7,1953630,1467378
20191031111746,10.1.0.2,20601,10.1.0.1,16101,3,0.0-36.2,7006020,1547260
20191031111746,10.1.0.1,16204,10.1.0.2,20704,3,0.0-10.6,1953630,1468313,0.066,0,1329,0.000,0
20191031111746,10.1.0.2,20413,10.1.0.1,15913,3,0.0-81.9,3209010,313343
20191031111746,10.1.0.1,15913,10.1.0.2,20413,3,0.0-81.9,3206070,313339,0.083,2,2183,0.092,0
20191031111746,10.1.0.1,16101,10.1.0.2,20601,3,0.0-36.2,7004550,1547381,0.070,1,4766,0.021,0
20191031111746,10.1.0.2,20581,10.1.0.1,16081,3,0.0-41.8,2113860,404479
20191031111746,10.1.0.1,16081,10.1.0.2,20581,3,0.0-41.8,2113860,404615,0.110,0,1438,0.000,0
20191031111747,10.1.0.2,20457,10.1.0.1,15957,3,0.0-71.5,1849260,206847
20191031111747,10.1.0.1,15957,10.1.0.2,20457,3,0.0-71.5,1847790,206847,0.099,1,1258,0.079,0
20191031111748,10.1.0.2,20341,10.1.0.1,15841,3,0.0-98.6,8279040,671743
20191031111748,10.1.0.1,15841,10.1.0.2,20341,3,0.0-98.6,8279040,671806,0.157,0,5632,0.000,0
20191031111748,10.1.0.2,20699,10.1.0.1,16199,3,0.0-14.4,22050,12287
20191031111748,10.1.0.1,16199,10.1.0.2,20699,3,0.0-14.4,22050,12292,62.549,0,15,0.000,0
20191031111749,10.1.0.2,20534,10.1.0.1,16034,3,0.0-58.3,12744900,1750013
20191031111749,10.1.0.1,16034,10.1.0.2,20534,3,0.0-58.2,12734610,1750168,0.070,7,8670,0.081,0
20191031111749,10.1.0.2,20542,10.1.0.1,16042,3,0.0-55.3,12302430,1778685
20191031111749,10.1.0.2,20687,10.1.0.1,16187,3,0.0-17.6,4264470,1934336
20191031111749,10.1.0.1,16187,10.1.0.2,20687,3,0.0-17.6,4261530,1934400,0.315,2,2901,0.069,0
20191031111749,10.1.0.2,20500,10.1.0.1,16000,3,0.0-64.1,34765500,4340731
20191031111749,10.1.0.1,16000,10.1.0.2,20500,3,0.0-64.1,34762560,4340577,0.423,2,23650,0.008,0
20191031111749,10.1.0.2,20628,10.1.0.1,16128,3,0.0-32.6,2995860,736255
20191031111749,10.1.0.1,16042,10.1.0.2,20542,3,0.0-55.3,12300960,1778317,0.244,1,8369,0.012,0
20191031111749,10.1.0.2,20558,10.1.0.1,16058,3,0.0-50.9,8077650,1269757
20191031111749,10.1.0.1,16128,10.1.0.2,20628,3,0.0-32.5,2994390,736253,0.455,1,2038,0.049,0
20191031111750,10.1.0.1,16058,10.1.0.2,20558,3,0.0-50.8,8070300,1269884,0.182,5,5495,0.091,0
20191031111750,10.1.0.2,20655,10.1.0.1,16155,3,0.0-26.3,3455970,1051644
20191031111750,10.1.0.1,16155,10.1.0.2,20655,3,0.0-26.3,3454500,1051908,0.093,1,2351,0.043,0
20191031111750,10.1.0.2,20427,10.1.0.1,15927,3,0.0-82.6,2895900,280575
20191031111751,10.1.0.1,15927,10.1.0.2,20427,3,0.0-82.5,2894430,280573,0.081,1,1970,0.051,0
20191031111751,10.1.0.2,20468,10.1.0.1,15968,3,0.0-73.9,10373790,1123326
20191031111751,10.1.0.1,15968,10.1.0.2,20468,3,0.0-73.9,10372320,1123360,0.715,1,7057,0.014,0
20191031111752,10.1.0.2,20701,10.1.0.1,16201,3,0.0-17.1,1946280,908283
20191031111752,10.1.0.2,20665,10.1.0.1,16165,3,0.0-24.6,1915410,622589
20191031111752,10.1.0.1,16201,10.1.0.2,20701,3,0.0-17.1,1946280,908586,62.701,0,1324,0.000,0
20191031111752,10.1.0.2,20726,10.1.0.1,16226,3,0.0-9.0,13230,11759
20191031111752,10.1.0.1,16165,10.1.0.2,20665,3,0.0-24.6,1915410,622705,62.679,0,1303,0.000,0
20191031111752,10.1.0.1,16226,10.1.0.2,20726,3,0.0-9.0,13230,11797,62.537,0,9,0.000,0
20191031111752,10.1.0.2,20692,10.1.0.1,16192,3,0.0-19.8,482160,194559
20191031111752,10.1.0.1,16192,10.1.0.2,20692,3,0.0-19.8,482160,194605,0.075,0,328,0.000,0
20191031111752,10.1.0.2,20501,10.1.0.1,16001,3,0.0-67.2,1927170,229375
20191031111752,10.1.0.1,16001,10.1.0.2,20501,3,0.0-67.2,1927170,229392,0.095,0,1311,0.000,0
20191031111753,10.1.0.2,20487,10.1.0.1,15987,3,0.0-70.9,1289190,145407
20191031111753,10.1.0.1,15987,10.1.0.2,20487,3,0.0-70.9,1289190,145425,0.100,0,877,0.000,0
20191031111753,10.1.0.2,20387,10.1.0.1,15887,3,0.0-93.1,560070,48127
20191031111753,10.1.0.1,15887,10.1.0.2,20387,3,0.0-93.1,560070,48144,62.603,0,381,0.000,0
20191031111753,10.1.0.2,20414,10.1.0.1,15914,3,0.0-89.1,17101980,1535998
20191031111753,10.1.0.1,15914,10.1.0.2,20414,3,0.0-89.0,17091690,1535996,0.045,7,11634,0.060,0
20191031111753,10.1.0.2,20448,10.1.0.1,15948,3,0.0-80.4,2953230,293887
20191031111753,10.1.0.1,15948,10.1.0.2,20448,3,0.0-80.4,2953230,293901,0.190,0,2009,0.000,0
20191031111753,10.1.0.2,20597,10.1.0.1,16097,3,0.0-44.8,241080,43007
20191031111753,10.1.0.1,16097,10.1.0.2,20597,3,0.0-44.8,241080,43046,0.072,0,164,0.000,0
20191031111754,10.1.0.2,20553,10.1.0.1,16053,3,0.0-56.8,2143260,302079
20191031111754,10.1.0.1,16053,10.1.0.2,20553,3,0.0-56.7,2141790,302106,0.061,1,1458,0.069,0
20191031111754,10.1.0.2,20481,10.1.0.1,15981,3,0.0-72.9,961380,105471
20191031111754,10.1.0.1,15981,10.1.0.2,20481,3,0.0-72.9,961380,105542,0.086,0,654,0.000,0
20191031111754,10.1.0.2,20539,10.1.0.1,16039,3,0.0-62.5,11749710,1504254
20191031111754,10.1.0.1,16039,10.1.0.2,20539,3,0.0-62.5,11746770,1504273,0.076,2,7993,0.025,0
20191031111755,10.1.0.2,20600,10.1.0.1,16100,3,0.0-45.6,9743160,1709054
20191031111755,10.1.0.1,16100,10.1.0.2,20600,3,0.0-45.6,9740220,1709246,0.048,2,6628,0.030,0
20191031111755,10.1.0.2,20714,10.1.0.1,16214,3,0.0-15.6,758520,388094
20191031111755,10.1.0.1,16214,10.1.0.2,20714,3,0.0-15.6,757050,388646,0.105,1,516,0.194,0
20191031111755,10.1.0.2,20696,10.1.0.1,16196,3,0.0-21.9,1531740,559102
20191031111755,10.1.0.1,16196,10.1.0.2,20696,3,0.0-21.9,1530270,559170,0.074,1,1042,0.096,0
20191031111756,10.1.0.2,20474,10.1.0.1,15974,3,0.0-76.9,7186830,747519
20191031111756,10.1.0.1,15974,10.1.0.2,20474,3,0.0-76.9,7186830,747587,0.179,0,4889,0.000,0
20191031111756,10.1.0.2,20398,10.1.0.1,15898,3,0.0-94.2,14138460,1200126
20191031111756,10.1.0.1,15898,10.1.0.2,20398,3,0.0-94.2,14138460,1200209,0.091,0,9618,0.000,0
20191031111756,10.1.0.2,20410,10.1.0.1,15910,3,0.0-92.7,1151010,99327
20191031111756,10.1.0.1,15910,10.1.0.2,20410,3,0.0-92.6,1149540,99326,0.102,1,783,0.128,0
20191031111757,10.1.0.2,20744,10.1.0.1,16244,3,0.0-9.6,235200,196606
20191031111757,10.1.0.1,16244,10.1.0.2,20744,3,0.0-9.5,235200,197528,0.088,0,160,0.000,0
20191031111757,10.1.0.2,20420,10.1.0.1,15920,3,0.0-92.4,1359750,117759
20191031111757,10.1.0.1,15920,10.1.0.2,20420,3,0.0-92.3,1359750,117791,0.146,0,925,0.000,0
20191031111757,10.1.0.2,20492,10.1.0.1,15992,3,0.0-74.7,1156890,123903
20191031111757,10.1.0.1,15992,10.1.0.2,20492,3,0.0-74.7,1156890,123962,0.490,0,787,0.000,0
20191031111757,10.1.0.2,20729,10.1.0.1,16229,3,0.0-14.2,144060,80895
20191031111757,10.1.0.2,20495,10.1.0.1,15995,3,0.0-74.3,2262330,243711
20191031111757,10.1.0.1,16229,10.1.0.2,20729,3,0.0-14.2,144060,80986,0.096,0,98,0.000,0
20191031111758,10.1.0.2,20438,10.1.0.1,15938,3,0.0-87.2,16464000,1510399
20191031111758,10.1.0.2,20412,10.1.0.1,15912,3,0.0-94.0,2128560,181247
20191031111758,10.1.0.1,15938,10.1.0.2,20438,3,0.0-87.2,16461060,1510389,0.108,2,11200,0.018,0
20191031111758,10.1.0.1,15912,10.1.0.2,20412,3,0.0-93.9,2127090,181245,0.106,1,1448,0.069,0
20191031111758,10.1.0.1,15995,10.1.0.2,20495,3,0.0-74.3,2262330,243725,0.121,0,1539,0.000,0
20191031111758,10.1.0.2,20437,10.1.0.1,15937,3,0.0-87.6,10948560,999423
20191031111758,10.1.0.1,15937,10.1.0.2,20437,3,0.0-87.6,10945620,999408,0.091,2,7448,0.027,0
20191031111758,10.1.0.2,20650,10.1.0.1,16150,3,0.0-34.8,2646000,608254
20191031111758,10.1.0.1,16150,10.1.0.2,20650,3,0.0-34.8,2644530,608264,0.086,1,1800,0.056,0
20191031111758,10.1.0.2,20388,10.1.0.1,15888,3,0.0-98.5,39889920,3238909
20191031111758,10.1.0.1,15888,10.1.0.2,20388,3,0.0-98.5,39885510,3238889,0.066,3,27136,0.011,0
20191031111758,10.1.0.2,20668,10.1.0.1,16168,3,0.0-31.2,17016720,4357114
20191031111758,10.1.0.1,16168,10.1.0.2,20668,3,0.0-31.2,16990260,4357425,0.073,18,11576,0.155,0
20191031111759,10.1.0.2,20656,10.1.0.1,16156,3,0.0-34.5,9240420,2142205
20191031111759,10.1.0.1,16156,10.1.0.2,20656,3,0.0-34.5,9237480,2142192,0.061,2,6286,0.032,0
20191031111759,10.1.0.2,20531,10.1.0.1,16031,3,0.0-68.6,7320600,854014
20191031111759,10.1.0.1,16031,10.1.0.2,20531,3,0.0-68.6,7320600,854119,0.099,0,4980,0.000,0
20191031111759,10.1.0.2,20455,10.1.0.1,15955,3,0.0-85.3,7497000,703487
20191031111759,10.1.0.1,15955,10.1.0.2,20455,3,0.0-85.2,7492590,703483,0.628,3,5100,0.059,0
20191031111759,10.1.0.2,20770,10.1.0.1,16270,3,0.0-5.9,596820,803829
20191031111759,10.1.0.1,16270,10.1.0.2,20770,3,0.0-5.9,595350,805254,0.193,1,406,0.246,0
20191031111800,10.1.0.2,20759,10.1.0.1,16259,3,0.0-8.4,1361220,1299448
20191031111800,10.1.0.1,16259,10.1.0.2,20759,3,0.0-8.3,1356810,1300662,0.063,3,926,0.324,0
20191031111801,10.1.0.2,20454,10.1.0.1,15954,3,0.0-86.7,27233220,2512894
20191031111801,10.1.0.1,15954,10.1.0.2,20454,3,0.0-86.7,27221460,2512926,0.072,8,18526,0.043,0
20191031111801,10.1.0.2,20774,10.1.0.1,16274,3,0.0-5.3,1289190,1928156
20191031111801,10.1.0.1,16274,10.1.0.2,20774,3,0.0-5.3,1278900,1928409,0.061,7,877,0.798,0
20191031111801,10.1.0.2,20760,10.1.0.1,16260,3,0.0-8.9,242550,219134
20191031111801,10.1.0.2,20482,10.1.0.1,15982,3,0.0-79.7,11826150,1186815
20191031111801,10.1.0.1,16260,10.1.0.2,20760,3,0.0-8.8,242550,219408,0.081,0,165,0.000,0
20191031111801,10.1.0.1,15982,10.1.0.2,20482,3,0.0-79.7,11824680,1186899,0.054,1,8045,0.012,0
20191031111802,10.1.0.2,20767,10.1.0.1,16267,3,0.0-9.1,3097290,2709480
20191031111802,10.1.0.1,16267,10.1.0.2,20767,3,0.0-9.1,3094350,2709539,0.065,2,2107,0.095,0
20191031111802,10.1.0.2,20623,10.1.0.1,16123,3,0.0-47.4,37339470,6301686
20191031111802,10.1.0.1,16123,10.1.0.2,20623,3,0.0-47.4,37336530,6301852,0.067,2,25401,0.008,0
20191031111802,10.1.0.2,20489,10.1.0.1,15989,3,0.0-80.5,16262610,1616894
20191031111802,10.1.0.2,20720,10.1.0.1,16220,3,0.0-21.6,1625820,602112
20191031111802,10.1.0.1,15989,10.1.0.2,20489,3,0.0-80.4,16256730,1616935,0.058,4,11063,0.036,0
20191031111802,10.1.0.1,16220,10.1.0.2,20720,3,0.0-21.5,1621410,602093,0.081,3,1106,0.271,0
20191031111802,10.1.0.2,20621,10.1.0.1,16121,3,0.0-48.3,4045440,670719
20191031111803,10.1.0.1,16121,10.1.0.2,20621,3,0.0-48.2,4043970,670918,0.061,1,2752,0.036,0
20191031111803,10.1.0.2,20579,10.1.0.1,16079,3,0.0-58.8,19414290,2641916
20191031111803,10.1.0.1,16079,10.1.0.2,20579,3,0.0-58.8,19409880,2641877,0.069,3,13207,0.023,0
20191031111804,10.1.0.2,20467,10.1.0.1,15967,3,0.0-86.2,20662320,1916926
20191031111804,10.1.0.1,15967,10.1.0.2,20467,3,0.0-86.2,20653500,1916931,0.099,6,14056,0.043,0
20191031111804,10.1.0.2,20431,10.1.0.1,15931,3,0.0-94.9,15515850,1307647
20191031111804,10.1.0.1,15931,10.1.0.2,20431,3,0.0-94.9,15511440,1307631,0.081,3,10555,0.028,0
20191031111804,10.1.0.2,20502,10.1.0.1,16002,3,0.0-79.1,435120,44031
20191031111804,10.1.0.1,16002,10.1.0.2,20502,3,0.0-79.1,435120,44033,0.111,0,296,0.000,0
20191031111805,10.1.0.2,20786,10.1.0.1,16286,3,0.0-7.5,629160,672761
20191031111805,10.1.0.1,16286,10.1.0.2,20786,3,0.0-7.5,629160,673199,0.110,0,428,0.000,0
20191031111805,10.1.0.2,20580,10.1.0.1,16080,3,0.0-60.5,7621950,1008638
20191031111805,10.1.0.1,16080,10.1.0.2,20580,3,0.0-60.4,7620480,1008802,0.082,1,5185,0.019,0
20191031111805,10.1.0.2,20573,10.1.0.1,16073,3,0.0-61.9,7304430,944126
20191031111805,10.1.0.1,16073,10.1.0.2,20573,3,0.0-61.9,7304430,944173,0.054,0,4969,0.000,0
20191031111805,10.1.0.2,20724,10.1.0.1,16224,3,0.0-23.6,995190,337919
20191031111806,10.1.0.2,20640,10.1.0.1,16140,3,0.0-45.1,9171330,1628157
20191031111806,10.1.0.1,16140,10.1.0.2,20640,3,0.0-45.0,9166920,1628303,0.121,3,6239,0.048,0
20191031111806,10.1.0.1,16224,10.1.0.2,20724,3,0.0-23.5,993720,338021,0.293,1,677,0.148,0
20191031111806,10.1.0.2,20483,10.1.0.1,15983,3,0.0-84.2,29452920,2797565
20191031111806,10.1.0.1,15983,10.1.0.2,20483,3,0.0-84.2,29449980,2797539,0.074,2,20036,0.010,0
20191031111806,10.1.0.2,20459,10.1.0.1,15959,3,0.0-89.8,2597490,231423
20191031111806,10.1.0.1,15959,10.1.0.2,20459,3,0.0-89.8,2597490,231493,0.359,0,1767,0.000,0
20191031111806,10.1.0.2,20700,10.1.0.1,16200,3,0.0-31.8,1514100,380927
20191031111806,10.1.0.1,16200,10.1.0.2,20700,3,0.0-31.8,1512630,380934,0.277,1,1030,0.097,0
20191031111806,10.1.0.2,20464,10.1.0.1,15964,3,0.0-89.5,6806100,608255
20191031111806,10.1.0.1,15964,10.1.0.2,20464,3,0.0-89.5,6804630,608247,0.081,1,4630,0.022,0
20191031111807,10.1.0.2,20644,10.1.0.1,16144,3,0.0-44.9,7136850,1272829
20191031111807,10.1.0.1,16144,10.1.0.2,20644,3,0.0-44.8,7133910,1272962,0.065,2,4855,0.041,0
20191031111807,10.1.0.2,20676,10.1.0.1,16176,3,0.0-38.0,7499940,1579003
20191031111807,10.1.0.2,20506,10.1.0.1,16006,3,0.0-81.8,13391700,1309695
20191031111807,10.1.0.1,16006,10.1.0.2,20506,3,0.0-81.8,13391700,1309787,0.769,0,9110,0.000,0
20191031111807,10.1.0.2,20648,10.1.0.1,16148,3,0.0-44.8,18823350,3361788
20191031111807,10.1.0.1,16148,10.1.0.2,20648,3,0.0-44.8,18807180,3361638,0.129,11,12805,0.086,0
20191031111808,10.1.0.1,16176,10.1.0.2,20676,3,0.0-38.0,7495530,1579228,0.588,3,5102,0.059,0
20191031111808,10.1.0.2,20513,10.1.0.1,16013,3,0.0-81.2,17620890,1736702
20191031111808,10.1.0.2,20609,10.1.0.1,16109,3,0.0-56.8,429240,60415
20191031111808,10.1.0.1,16013,10.1.0.2,20513,3,0.0-81.1,17615010,1736783,0.098,4,11987,0.033,0
20191031111808,10.1.0.1,16109,10.1.0.2,20609,3,0.0-56.8,429240,60460,63.875,0,292,0.000,0
20191031111808,10.1.0.2,20708,10.1.0.1,16208,3,0.0-31.5,1136310,288768
20191031111808,10.1.0.1,16208,10.1.0.2,20708,3,0.0-31.5,1136310,288877,0.425,0,773,0.000,0
20191031111808,10.1.0.2,20548,10.1.0.1,16048,3,0.0-71.4,5919690,663551
20191031111808,10.1.0.1,16048,10.1.0.2,20548,3,0.0-71.3,5918220,663592,0.242,1,4027,0.025,0
20191031111808,10.1.0.2,20536,10.1.0.1,16036,3,0.0-76.6,11321940,1181695
20191031111808,10.1.0.1,16036,10.1.0.2,20536,3,0.0-76.6,11320470,1181687,0.108,1,7702,0.013,0
20191031111808,10.1.0.2,20515,10.1.0.1,16015,3,0.0-81.3,4473210,440319
20191031111808,10.1.0.1,16015,10.1.0.2,20515,3,0.0-81.2,4471740,440446,0.057,1,3043,0.033,0
20191031111808,10.1.0.2,20618,10.1.0.1,16118,3,0.0-54.5,9822540,1440765
20191031111808,10.1.0.1,16118,10.1.0.2,20618,3,0.0-54.5,9815190,1440759,0.064,5,6682,0.075,0
20191031111809,10.1.0.2,20442,10.1.0.1,15942,3,0.0-96.8,6257790,517119
20191031111809,10.1.0.1,15942,10.1.0.2,20442,3,0.0-96.8,6254850,517114,0.103,2,4257,0.047,0
20191031111809,10.1.0.2,20614,10.1.0.1,16114,3,0.0-55.5,21711900,3130362
20191031111809,10.1.0.1,16114,10.1.0.2,20614,3,0.0-55.5,21700140,3130253,0.074,8,14770,0.054,0
20191031111809,10.1.0.2,20488,10.1.0.1,15988,3,0.0-87.4,66893820,6125563
20191031111810,10.1.0.2,20560,10.1.0.1,16060,3,0.0-70.6,36535380,4137978
20191031111810,10.1.0.1,15988,10.1.0.2,20488,3,0.0-87.3,66864420,6125470,0.923,20,45506,0.044,0
20191031111810,10.1.0.1,16060,10.1.0.2,20560,3,0.0-70.6,36526560,4137978,0.081,6,24854,0.024,0
20191031111810,10.1.0.2,20634,10.1.0.1,16134,3,0.0-50.0,15684900,2507771
20191031111810,10.1.0.2,20807,10.1.0.1,16307,3,0.0-8.1,324870,320510
20191031111810,10.1.0.2,20555,10.1.0.1,16055,3,0.0-72.3,10816260,1196030
20191031111810,10.1.0.1,16307,10.1.0.2,20807,3,0.0-8.1,324870,321552,0.076,0,221,0.000,0
20191031111810,10.1.0.1,16134,10.1.0.2,20634,3,0.0-50.0,15681960,2507791,0.114,2,10670,0.019,0
20191031111810,10.1.0.1,16055,10.1.0.2,20555,3,0.0-72.3,10813320,1196159,0.065,2,7358,0.027,0
20191031111810,10.1.0.2,20719,10.1.0.1,16219,3,0.0-29.7,3595620,967677
20191031111810,10.1.0.1,16219,10.1.0.2,20719,3,0.0-29.7,3589740,967829,0.082,4,2446,0.164,0
20191031111811,10.1.0.2,20528,10.1.0.1,16028,3,0.0-81.1,18179490,1793022
20191031111811,10.1.0.1,16028,10.1.0.2,20528,3,0.0-81.1,18179490,1793078,0.059,0,12367,0.000,0
20191031111811,10.1.0.2,20739,10.1.0.1,16239,3,0.0-25.3,2588670,818174
20191031111811,10.1.0.1,16239,10.1.0.2,20739,3,0.0-25.3,2584260,818187,0.088,3,1761,0.170,0
20191031111811,10.1.0.2,20486,10.1.0.1,15986,3,0.0-89.3,7085400,634880
20191031111811,10.1.0.1,15986,10.1.0.2,20486,3,0.0-89.3,7085400,634974,0.081,0,4820,0.000,0
20191031111811,10.1.0.2,20697,10.1.0.1,16197,3,0.0-37.9,1128960,238591
20191031111811,10.1.0.1,16197,10.1.0.2,20697,3,0.0-37.8,1128960,238781,0.100,0,768,0.000,0
20191031111812,10.1.0.2,20794,10.1.0.1,16294,3,0.0-13.1,746760,455676
20191031111812,10.1.0.1,16294,10.1.0.2,20794,3,0.0-13.1,746760,455873,0.107,0,508,0.000,0
20191031111812,10.1.0.2,20698,10.1.0.1,16198,3,0.0-38.1,341040,71679
20191031111812,10.1.0.2,20552,10.1.0.1,16052,3,0.0-74.7,22177890,2374653
20191031111812,10.1.0.1,16198,10.1.0.2,20698,3,0.0-38.1,341040,71696,0.094,0,232,0.000,0
20191031111812,10.1.0.1,16052,10.1.0.2,20552,3,0.0-74.7,22176420,2374675,0.062,1,15087,0.007,0
20191031111813,10.1.0.2,20509,10.1.0.1,16009,3,0.0-86.8,4120410,379903
20191031111813,10.1.0.1,16009,10.1.0.2,20509,3,0.0-86.8,4120410,379929,0.108,0,2803,0.000,0
20191031111813,10.1.0.2,20565,10.1.0.1,16065,3,0.0-72.2,1026060,113663
20191031111813,10.1.0.1,16065,10.1.0.2,20565,3,0.0-72.2,1026060,113732,0.099,0,698,0.000,0
20191031111814,10.1.0.2,20766,10.1.0.1,16266,3,0.0-21.1,4011630,1523711
20191031111814,10.1.0.1,16266,10.1.0.2,20766,3,0.0-21.1,4011630,1524053,0.064,0,2729,0.000,0
20191031111814,10.1.0.2,20540,10.1.0.1,16040,3,0.0-81.6,7282380,713727
20191031111814,10.1.0.1,16040,10.1.0.2,20540,3,0.0-81.6,7282380,713770,0.108,0,4954,0.000,0
20191031111814,10.1.0.2,20630,10.1.0.1,16130,3,0.0-56.5,10722180,1517567
20191031111814,10.1.0.1,16130,10.1.0.2,20630,3,0.0-56.5,10719240,1517632,0.072,2,7294,0.027,0
20191031111814,10.1.0.2,20589,10.1.0.1,16089,3,0.0-67.9,4261530,501759
20191031111815,10.1.0.2,20570,10.1.0.1,16070,3,0.0-72.3,7555800,836606
20191031111815,10.1.0.1,16070,10.1.0.2,20570,3,0.0-72.2,7554330,836707,0.076,1,5140,0.019,0
20191031111815,10.1.0.1,16089,10.1.0.2,20589,3,0.0-67.9,4260060,501755,0.051,1,2899,0.034,0
20191031111815,10.1.0.2,20674,10.1.0.1,16174,3,0.0-47.1,8843520,1501183
20191031111815,10.1.0.1,16174,10.1.0.2,20674,3,0.0-47.1,8840580,1501303,0.064,2,6016,0.033,0
20191031111816,10.1.0.2,20612,10.1.0.1,16112,3,0.0-63.0,9146340,1161214
20191031111816,10.1.0.2,20517,10.1.0.1,16017,3,0.0-88.0,7245630,658431
20191031111816,10.1.0.2,20728,10.1.0.1,16228,3,0.0-33.1,1074570,260095
20191031111816,10.1.0.1,16112,10.1.0.2,20612,3,0.0-63.0,9144870,1161257,0.285,1,6222,0.016,0
20191031111816,10.1.0.1,16228,10.1.0.2,20728,3,0.0-33.0,1074570,260170,0.117,0,731,0.000,0
20191031111816,10.1.0.1,16017,10.1.0.2,20517,3,0.0-88.0,7244160,658430,0.421,1,4929,0.020,0
20191031111816,10.1.0.2,20585,10.1.0.1,16085,3,0.0-70.6,1220100,138239
20191031111816,10.1.0.1,16085,10.1.0.2,20585,3,0.0-70.6,1220100,138336,0.240,0,830,0.000,0
20191031111816,10.1.0.2,20707,10.1.0.1,16207,3,0.0-40.3,9312450,1848316
20191031111816,10.1.0.1,16207,10.1.0.2,20707,3,0.0-40.3,9306570,1848362,0.079,4,6335,0.063,0
20191031111817,10.1.0.2,20810,10.1.0.1,16310,3,0.0-14.1,127890,72703
20191031111817,10.1.0.1,16310,10.1.0.2,20810,3,0.0-14.0,127890,72969,62.583,0,87,0.000,0
20191031111817,10.1.0.2,20535,10.1.0.1,16035,3,0.0-86.4,13575450,1257470
20191031111817,10.1.0.1,16035,10.1.0.2,20535,3,0.0-86.3,13568100,1257507,0.060,5,9235,0.054,0
20191031111818,10.1.0.2,20658,10.1.0.1,16158,3,0.0-53.5,13409340,2006014
20191031111818,10.1.0.1,16158,10.1.0.2,20658,3,0.0-53.4,13401990,2006108,0.161,5,9122,0.055,0
20191031111818,10.1.0.2,20520,10.1.0.1,16020,3,0.0-90.1,11163180,991231
20191031111818,10.1.0.1,16020,10.1.0.2,20520,3,0.0-90.1,11160240,991221,0.238,2,7594,0.026,0
20191031111818,10.1.0.2,20677,10.1.0.1,16177,3,0.0-48.4,9344790,1545213
20191031111818,10.1.0.1,16177,10.1.0.2,20677,3,0.0-48.4,9341850,1545214,0.086,2,6357,0.031,0
20191031111818,10.1.0.2,20725,10.1.0.1,16225,3,0.0-35.7,6706140,1503228
20191031111818,10.1.0.2,20533,10.1.0.1,16033,3,0.0-87.5,26499690,2421758
20191031111818,10.1.0.1,16225,10.1.0.2,20725,3,0.0-35.7,6703200,1503327,0.073,2,4562,0.044,0
20191031111818,10.1.0.2,20564,10.1.0.1,16064,3,0.0-77.9,15523200,1593342
20191031111818,10.1.0.1,16033,10.1.0.2,20533,3,0.0-87.5,26498220,2421726,0.040,1,18027,0.006,0
20191031111818,10.1.0.1,16064,10.1.0.2,20564,3,0.0-77.9,15520260,1593328,0.068,2,10560,0.019,0
20191031111818,10.1.0.2,20806,10.1.0.1,16306,3,0.0-16.8,1750770,834555
20191031111818,10.1.0.1,16306,10.1.0.2,20806,3,0.0-16.8,1750770,834850,0.068,0,1191,0.000,0
20191031111818,10.1.0.2,20740,10.1.0.1,16240,3,0.0-32.5,1765470,434174
20191031111819,10.1.0.1,16240,10.1.0.2,20740,3,0.0-32.5,1765470,434401,0.056,0,1201,0.000,0
20191031111819,10.1.0.2,20524,10.1.0.1,16024,3,0.0-90.0,4490850,399359
20191031111819,10.1.0.1,16024,10.1.0.2,20524,3,0.0-89.9,4489380,399419,0.094,1,3055,0.033,0
20191031111819,10.1.0.2,20625,10.1.0.1,16125,3,0.0-62.5,8157030,1044478
20191031111819,10.1.0.1,16125,10.1.0.2,20625,3,0.0-62.5,8154090,1044542,0.087,2,5549,0.036,0
20191031111819,10.1.0.2,20576,10.1.0.1,16076,3,0.0-75.5,11014710,1167359
20191031111819,10.1.0.1,16076,10.1.0.2,20576,3,0.0-75.5,11011770,1167442,0.049,2,7493,0.027,0
20191031111819,10.1.0.2,20491,10.1.0.1,15991,3,0.0-96.9,2815050,232447
20191031111819,10.1.0.1,15991,10.1.0.2,20491,3,0.0-96.8,2815050,232556,0.123,0,1915,0.000,0
20191031111819,10.1.0.2,20706,10.1.0.1,16206,3,0.0-43.6,9991590,1832957
20191031111819,10.1.0.2,20672,10.1.0.1,16172,3,0.0-51.8,6716430,1036287
20191031111819,10.1.0.2,20815,10.1.0.1,16315,3,0.0-15.8,565950,286719
20191031111819,10.1.0.1,16315,10.1.0.2,20815,3,0.0-15.7,564480,286726,0.057,1,385,0.260,0
20191031111819,10.1.0.2,20563,10.1.0.1,16063,3,0.0-79.5,5456640,548863
20191031111820,10.1.0.1,16063,10.1.0.2,20563,3,0.0-79.5,5456640,548924,0.057,0,3712,0.000,0
20191031111820,10.1.0.1,16206,10.1.0.2,20706,3,0.0-43.6,9988650,1833118,0.071,2,6797,0.029,0
20191031111820,10.1.0.1,16172,10.1.0.2,20672,3,0.0-51.8,6713490,1036434,0.060,2,4569,0.044,0
20191031111820,10.1.0.2,20507,10.1.0.1,16007,3,0.0-94.0,2563680,218111
20191031111820,10.1.0.1,16007,10.1.0.2,20507,3,0.0-94.0,2563680,218120,0.099,0,1744,0.000,0
20191031111820,10.1.0.2,20544,10.1.0.1,16044,3,0.0-85.7,20205150,1886206
20191031111820,10.1.0.1,16044,10.1.0.2,20544,3,0.0-85.7,20199270,1886206,0.090,4,13745,0.029,0
20191031111821,10.1.0.2,20763,10.1.0.1,16263,3,0.0-28.2,1115730,316414
20191031111821,10.1.0.1,16263,10.1.0.2,20763,3,0.0-28.2,1115730,316476,0.165,0,759,0.000,0
20191031111821,10.1.0.2,20550,10.1.0.1,16050,3,0.0-84.4,17856090,1692670
20191031111821,10.1.0.2,20673,10.1.0.1,16173,3,0.0-53.2,933450,140287
20191031111821,10.1.0.1,16050,10.1.0.2,20550,3,0.0-84.4,17853150,1692652,0.079,2,12147,0.016,0
20191031111821,10.1.0.1,16173,10.1.0.2,20673,3,0.0-53.2,933450,140363,0.168,0,635,0.000,0
20191031111821,10.1.0.2,20516,10.1.0.1,16016,3,0.0-94.0,20134590,1713150
20191031111821,10.1.0.1,16016,10.1.0.2,20516,3,0.0-94.0,20133120,1713128,0.076,1,13697,0.007,0
20191031111821,10.1.0.2,20771,10.1.0.1,16271,3,0.0-27.6,9068430,2632699
20191031111821,10.1.0.2,20595,10.1.0.1,16095,3,0.0-73.3,3311910,361471
20191031111821,10.1.0.1,16271,10.1.0.2,20771,3,0.0-27.5,9056670,2632635,0.057,8,6169,0.130,0
20191031111821,10.1.0.1,16095,10.1.0.2,20595,3,0.0-73.2,3306030,361487,0.049,4,2253,0.178,0
20191031111821,10.1.0.2,20493,10.1.0.1,15993,3,0.0-98.3,18854220,1534974
20191031111821,10.1.0.1,15993,10.1.0.2,20493,3,0.0-98.2,18846870,1534920,0.089,5,12826,0.039,0
20191031111822,10.1.0.2,20809,10.1.0.1,16309,3,0.0-19.7,1249500,506878
20191031111822,10.1.0.2,20561,10.1.0.1,16061,3,0.0-82.2,25066440,2438142
20191031111822,10.1.0.2,20731,10.1.0.1,16231,3,0.0-38.1,8502480,1785852
20191031111822,10.1.0.1,16309,10.1.0.2,20809,3,0.0-19.7,1249500,507051,62.556,0,850,0.000,0
20191031111822,10.1.0.1,16231,10.1.0.2,20731,3,0.0-38.1,8498070,1785895,0.325,3,5784,0.052,0
20191031111822,10.1.0.1,16061,10.1.0.2,20561,3,0.0-82.2,25063500,2438068,0.397,2,17052,0.012,0
20191031111822,10.1.0.2,20497,10.1.0.1,15997,3,0.0-98.9,9888690,799743
20191031111822,10.1.0.2,20641,10.1.0.1,16141,3,0.0-61.8,16513980,2137085
20191031111823,10.1.0.1,15997,10.1.0.2,20497,3,0.0-98.9,9885750,799815,0.075,2,6727,0.030,0
20191031111823,10.1.0.1,16141,10.1.0.2,20641,3,0.0-61.8,16512510,2137079,0.085,1,11234,0.009,0
20191031111823,10.1.0.2,20529,10.1.0.1,16029,3,0.0-92.9,7791000,670719
20191031111823,10.1.0.1,16029,10.1.0.2,20529,3,0.0-92.9,7789530,670715,0.077,1,5300,0.019,0
20191031111823,10.1.0.2,20793,10.1.0.1,16293,3,0.0-24.7,1006950,325631
20191031111823,10.1.0.1,16293,10.1.0.2,20793,3,0.0-24.7,1005480,325636,0.103,1,685,0.146,0
20191031111823,10.1.0.2,20543,10.1.0.1,16043,3,0.0-89.1,37161600,3337212
20191031111823,10.1.0.1,16043,10.1.0.2,20543,3,0.0-89.1,37155720,3337170,0.063,4,25280,0.016,0
20191031111823,10.1.0.2,20748,10.1.0.1,16248,3,0.0-35.6,2291730,515070
20191031111823,10.1.0.1,16248,10.1.0.2,20748,3,0.0-35.5,2288790,515069,0.059,2,1559,0.128,0
20191031111824,10.1.0.2,20510,10.1.0.1,16010,3,0.0-97.7,3314850,271359
20191031111824,10.1.0.1,16010,10.1.0.2,20510,3,0.0-97.7,3314850,271428,0.116,0,2255,0.000,0
20191031111824,10.1.0.2,20575,10.1.0.1,16075,3,0.0-81.0,13055070,1289214
20191031111824,10.1.0.1,16075,10.1.0.2,20575,3,0.0-81.0,13053600,1289215,0.060,1,8881,0.011,0
20191031111825,10.1.0.2,20611,10.1.0.1,16111,3,0.0-72.5,13215300,1459199
20191031111825,10.1.0.2,20790,10.1.0.1,16290,3,0.0-26.7,1056930,316415
20191031111825,10.1.0.1,16111,10.1.0.2,20611,3,0.0-72.4,13209420,1459190,0.060,4,8990,0.044,0
20191031111825,10.1.0.1,16290,10.1.0.2,20790,3,0.0-26.7,1056930,316594,0.065,0,719,0.000,0
20191031111825,10.1.0.2,20569,10.1.0.1,16069,3,0.0-83.9,38819760,3701755
20191031111825,10.1.0.1,16069,10.1.0.2,20569,3,0.0-83.9,38809470,3701745,0.071,7,26408,0.027,0
20191031111826,10.1.0.2,20662,10.1.0.1,16162,3,0.0-60.4,2875320,380927
20191031111826,10.1.0.1,16162,10.1.0.2,20662,3,0.0-60.4,2875320,380978,0.553,0,1956,0.000,0
20191031111826,10.1.0.2,20792,10.1.0.1,16292,3,0.0-27.6,3529470,1023998
20191031111826,10.1.0.2,20844,10.1.0.1,16344,3,0.0-14.0,20580,11759
20191031111826,10.1.0.1,16292,10.1.0.2,20792,3,0.0-27.6,3526530,1024011,0.525,2,2401,0.083,0
20191031111826,10.1.0.1,16344,10.1.0.2,20844,3,0.0-14.0,20580,11764,62.548,0,14,0.000,0
20191031111826,10.1.0.2,20817,10.1.0.1,16317,3,0.0-21.6,3547110,1314811
20191031111826,10.1.0.1,16317,10.1.0.2,20817,3,0.0-21.6,3545640,1315312,0.267,1,2413,0.041,0
20191031111827,10.1.0.2,20742,10.1.0.1,16242,3,0.0-40.5,12327420,2434042
20191031111827,10.1.0.1,16242,10.1.0.2,20742,3,0.0-40.5,12321540,2434034,0.048,4,8386,0.048,0
20191031111827,10.1.0.2,20636,10.1.0.1,16136,3,0.0-67.7,676200,79871
20191031111827,10.1.0.1,16136,10.1.0.2,20636,3,0.0-67.6,674730,79871,0.476,1,460,0.217,0
20191031111828,10.1.0.2,20663,10.1.0.1,16163,3,0.0-62.0,10547250,1361918
20191031111828,10.1.0.1,16163,10.1.0.2,20663,3,0.0-61.9,10544310,1361892,0.060,2,7175,0.028,0
20191031111828,10.1.0.2,20710,10.1.0.1,16210,3,0.0-51.8,7185360,1108990
20191031111828,10.1.0.1,16210,10.1.0.2,20710,3,0.0-51.8,7183890,1109010,0.076,1,4888,0.020,0
20191031111829,10.1.0.2,20716,10.1.0.1,16216,3,0.0-49.7,9909270,1596414
20191031111829,10.1.0.1,16216,10.1.0.2,20716,3,0.0-49.6,9906330,1596414,0.059,2,6741,0.030,0
20191031111829,10.1.0.2,20765,10.1.0.1,16265,3,0.0-36.2,6791400,1499133
20191031111829,10.1.0.1,16265,10.1.0.2,20765,3,0.0-36.2,6791400,1499322,0.081,0,4620,0.000,0
20191031111830,10.1.0.2,20746,10.1.0.1,16246,3,0.0-42.5,4335030,815102
20191031111830,10.1.0.1,16246,10.1.0.2,20746,3,0.0-42.5,4330620,815290,0.103,3,2949,0.102,0
20191031111831,10.1.0.2,20721,10.1.0.1,16221,3,0.0-49.5,2490180,402431
20191031111831,10.1.0.1,16221,10.1.0.2,20721,3,0.0-49.5,2488710,402467,0.198,1,1694,0.059,0
20191031111831,10.1.0.2,20642,10.1.0.1,16142,3,0.0-69.4,382200,44031
20191031111831,10.1.0.1,16142,10.1.0.2,20642,3,0.0-69.4,382200,44053,63.336,0,260,0.000,0
20191031111831,10.1.0.2,20838,10.1.0.1,16338,3,0.0-21.5,1890420,703486
20191031111831,10.1.0.1,16338,10.1.0.2,20838,3,0.0-21.5,1887480,703911,0.103,2,1286,0.156,0
20191031111831,10.1.0.2,20626,10.1.0.1,16126,3,0.0-74.5,1974210,211967
20191031111831,10.1.0.1,16126,10.1.0.2,20626,3,0.0-74.5,1974210,212061,0.074,0,1343,0.000,0
20191031111832,10.1.0.2,20645,10.1.0.1,16145,3,0.0-69.8,8474550,970750
20191031111832,10.1.0.1,16145,10.1.0.2,20645,3,0.0-69.8,8471610,970742,0.148,2,5765,0.035,0
20191031111832,10.1.0.2,20834,10.1.0.1,16334,3,0.0-23.6,470400,159743
20191031111832,10.1.0.1,16334,10.1.0.2,20834,3,0.0-23.5,470400,159897,0.138,0,320,0.000,0
20191031111833,10.1.0.2,20837,10.1.0.1,16337,3,0.0-23.6,1609650,544766
20191031111833,10.1.0.1,16337,10.1.0.2,20837,3,0.0-23.6,1609650,544934,0.118,0,1095,0.000,0
20191031111833,10.1.0.2,20557,10.1.0.1,16057,3,0.0-94.8,58173780,4910075
20191031111833,10.1.0.1,16057,10.1.0.2,20557,3,0.0-94.8,58156140,4909983,0.053,12,39574,0.030,0
20191031111833,10.1.0.2,20547,10.1.0.1,16047,3,0.0-97.0,24647490,2033662
20191031111833,10.1.0.2,20582,10.1.0.1,16082,3,0.0-88.7,454230,40959
20191031111833,10.1.0.1,16047,10.1.0.2,20547,3,0.0-96.9,24643080,2033694,0.072,3,16767,0.018,0
20191031111833,10.1.0.1,16082,10.1.0.2,20582,3,0.0-88.4,452760,40959,0.091,1,309,0.324,0
20191031111834,10.1.0.2,20894,10.1.0.1,16394,3,0.0-7.5,174930,187390
20191031111834,10.1.0.1,16394,10.1.0.2,20894,3,0.0-7.5,174930,187682,0.077,0,119,0.000,0
20191031111834,10.1.0.2,20800,10.1.0.1,16300,3,0.0-34.2,4784850,1120254
20191031111834,10.1.0.1,16300,10.1.0.2,20800,3,0.0-34.2,4781910,1120191,0.077,2,3255,0.061,0
20191031111834,10.1.0.2,20909,10.1.0.1,16409,3,0.0-6.0,620340,822265
20191031111834,10.1.0.2,20671,10.1.0.1,16171,3,0.0-67.1,5224380,622591
20191031111835,10.1.0.1,16171,10.1.0.2,20671,3,0.0-67.1,5219970,622585,0.101,3,3554,0.084,0
20191031111835,10.1.0.2,20730,10.1.0.1,16230,3,0.0-51.3,5813850,907262
20191031111835,10.1.0.1,16230,10.1.0.2,20730,3,0.0-51.2,5810910,907400,0.084,2,3955,0.051,0
20191031111835,10.1.0.1,16409,10.1.0.2,20909,3,0.0-6.0,618870,823084,0.137,1,422,0.237,0
20191031111835,10.1.0.2,20788,10.1.0.1,16288,3,0.0-37.1,10312050,2222074
20191031111835,10.1.0.1,16288,10.1.0.2,20788,3,0.0-37.1,10300290,2222262,0.055,8,7015,0.114,0
20191031111835,10.1.0.2,20588,10.1.0.1,16088,3,0.0-88.5,10731000,969727
20191031111835,10.1.0.2,20587,10.1.0.1,16087,3,0.0-88.6,6454770,582655
20191031111835,10.1.0.1,16088,10.1.0.2,20588,3,0.0-88.5,10731000,969831,0.073,0,7300,0.000,0
20191031111835,10.1.0.1,16087,10.1.0.2,20587,3,0.0-88.6,6453300,582759,0.092,1,4391,0.023,0
20191031111836,10.1.0.2,20811,10.1.0.1,16311,3,0.0-32.8,1205400,293887
20191031111836,10.1.0.1,16311,10.1.0.2,20811,3,0.0-32.8,1203930,293884,0.100,1,820,0.122,0
20191031111836,10.1.0.2,20568,10.1.0.1,16068,3,0.0-95.0,3123750,263167
20191031111836,10.1.0.2,20602,10.1.0.1,16102,3,0.0-87.1,3633840,333823
20191031111837,10.1.0.1,16068,10.1.0.2,20568,3,0.0-94.9,3122280,263168,0.082,1,2125,0.047,0
20191031111837,10.1.0.1,16102,10.1.0.2,20602,3,0.0-87.0,3632370,333819,0.103,1,2472,0.040,0
20191031111837,10.1.0.2,20824,10.1.0.1,16324,3,0.0-31.5,14667660,3729396
20191031111837,10.1.0.1,16324,10.1.0.2,20824,3,0.0-31.5,14661780,3729352,0.085,4,9978,0.040,0
20191031111837,10.1.0.2,20567,10.1.0.1,16067,3,0.0-95.5,10720710,898047
20191031111837,10.1.0.1,16067,10.1.0.2,20567,3,0.0-95.5,10720710,898103,0.061,0,7293,0.000,0
20191031111837,10.1.0.2,20617,10.1.0.1,16117,3,0.0-83.2,4795140,460799
20191031111837,10.1.0.1,16117,10.1.0.2,20617,3,0.0-83.2,4793670,460867,0.107,1,3262,0.031,0
20191031111837,10.1.0.2,20803,10.1.0.1,16303,3,0.0-36.3,13193250,2907129
20191031111837,10.1.0.2,20685,10.1.0.1,16185,3,0.0-65.9,3257520,395263
20191031111837,10.1.0.1,16303,10.1.0.2,20803,3,0.0-36.3,13184430,2907252,0.058,6,8975,0.067,0
20191031111837,10.1.0.1,16185,10.1.0.2,20685,3,0.0-65.9,3257520,395378,0.061,0,2216,0.000,0
20191031111837,10.1.0.2,20863,10.1.0.1,16363,3,0.0-19.7,2585730,1050621
20191031111838,10.1.0.1,16363,10.1.0.2,20863,3,0.0-19.6,2579850,1050685,0.060,4,1759,0.227,0
20191031111838,10.1.0.2,20747,10.1.0.1,16247,3,0.0-49.9,1987440,318463
20191031111838,10.1.0.1,16247,10.1.0.2,20747,3,0.0-49.9,1984500,318466,0.124,2,1352,0.148,0
20191031111838,10.1.0.2,20733,10.1.0.1,16233,3,0.0-53.9,11510100,1707005
20191031111838,10.1.0.1,16233,10.1.0.2,20733,3,0.0-53.9,11507160,1707018,0.080,2,7830,0.026,0
20191031111839,10.1.0.2,20562,10.1.0.1,16062,3,0.0-99.6,33859980,2719742
20191031111839,10.1.0.1,16062,10.1.0.2,20562,3,0.0-99.6,33845280,2719769,0.086,10,23034,0.043,0
20191031111840,10.1.0.2,20591,10.1.0.1,16091,3,0.0-92.6,2834160,244735
20191031111840,10.1.0.1,16091,10.1.0.2,20591,3,0.0-92.6,2834160,244767,0.097,0,1928,0.000,0
20191031111840,10.1.0.2,20755,10.1.0.1,16255,3,0.0-50.5,7971810,1263613
20191031111840,10.1.0.1,16255,10.1.0.2,20755,3,0.0-50.5,7970340,1263608,0.123,1,5423,0.018,0
20191031111840,10.1.0.2,20769,10.1.0.1,16269,3,0.0-46.9,144060,24575
20191031111840,10.1.0.1,16269,10.1.0.2,20769,3,0.0-46.4,142590,24575,0.114,1,98,1.020,0
20191031111840,10.1.0.2,20873,10.1.0.1,16373,3,0.0-18.8,758520,323582
20191031111840,10.1.0.1,16373,10.1.0.2,20873,3,0.0-18.7,758520,323821,0.101,0,516,0.000,0
20191031111840,10.1.0.2,20619,10.1.0.1,16119,3,0.0-86.3,30012990,2783230
20191031111840,10.1.0.1,16119,10.1.0.2,20619,3,0.0-86.2,30004170,2783222,0.085,6,20417,0.029,0
20191031111840,10.1.0.2,20922,10.1.0.1,16422,3,0.0-8.3,583590,561147
20191031111840,10.1.0.1,16422,10.1.0.2,20922,3,0.0-8.3,580650,561176,0.126,2,397,0.504,0
20191031111841,10.1.0.2,20715,10.1.0.1,16215,3,0.0-61.4,1101030,143359
20191031111841,10.1.0.1,16215,10.1.0.2,20715,3,0.0-61.4,1101030,143432,0.156,0,749,0.000,0
20191031111841,10.1.0.2,20895,10.1.0.1,16395,3,0.0-14.5,1711080,946174
20191031111841,10.1.0.1,16395,10.1.0.2,20895,3,0.0-14.5,1711080,946519,0.093,0,1164,0.000,0
20191031111841,10.1.0.2,20606,10.1.0.1,16106,3,0.0-91.1,2669520,234495
20191031111841,10.1.0.1,16106,10.1.0.2,20606,3,0.0-91.0,2668050,234492,0.140,1,1816,0.055,0
20191031111841,10.1.0.2,20605,10.1.0.1,16105,3,0.0-91.5,363090,31743
20191031111841,10.1.0.2,20829,10.1.0.1,16329,3,0.0-34.8,8821470,2027517
20191031111841,10.1.0.1,16105,10.1.0.2,20605,3,0.0-91.1,361620,31743,0.081,1,247,0.405,0
20191031111841,10.1.0.1,16329,10.1.0.2,20829,3,0.0-34.8,8808240,2027450,0.079,9,6001,0.150,0
20191031111842,10.1.0.2,20678,10.1.0.1,16178,3,0.0-71.6,9572640,1069054
20191031111842,10.1.0.1,16178,10.1.0.2,20678,3,0.0-71.6,9569700,1069181,0.056,2,6512,0.031,0
20191031111842,10.1.0.2,20599,10.1.0.1,16099,3,0.0-93.3,1946280,166911
20191031111842,10.1.0.1,16099,10.1.0.2,20599,3,0.0-93.2,1944810,166910,0.109,1,1324,0.076,0
20191031111842,10.1.0.2,20854,10.1.0.1,16354,3,0.0-26.3,17147550,5225456
20191031111842,10.1.0.1,16354,10.1.0.2,20854,3,0.0-26.2,17137260,5225338,0.069,7,11665,0.060,0
20191031111843,10.1.0.2,20814,10.1.0.1,16314,3,0.0-40.1,10147410,2025469
20191031111843,10.1.0.1,16314,10.1.0.2,20814,3,0.0-40.0,10135650,2025427,0.065,8,6903,0.116,0
20191031111843,10.1.0.2,20933,10.1.0.1,16433,3,0.0-8.5,1509690,1428477
20191031111843,10.1.0.1,16433,10.1.0.2,20933,3,0.0-8.4,1500870,1428679,0.076,6,1027,0.584,0
20191031111844,10.1.0.2,20717,10.1.0.1,16217,3,0.0-64.1,524790,65535
20191031111844,10.1.0.1,16217,10.1.0.2,20717,3,0.0-64.0,524790,65586,62.575,0,357,0.000,0
20191031111844,10.1.0.2,20647,10.1.0.1,16147,3,0.0-81.4,6635580,652287
20191031111844,10.1.0.1,16147,10.1.0.2,20647,3,0.0-81.4,6635580,652329,0.074,0,4514,0.000,0
20191031111844,10.1.0.2,20603,10.1.0.1,16103,3,0.0-94.4,12403860,1051647
20191031111844,10.1.0.1,16103,10.1.0.2,20603,3,0.0-94.3,12400920,1051636,0.544,2,8438,0.024,0
20191031111844,10.1.0.2,20752,10.1.0.1,16252,3,0.0-54.6,2028600,296959
20191031111844,10.1.0.1,16252,10.1.0.2,20752,3,0.0-54.6,2028600,297132,0.081,0,1380,0.000,0
20191031111844,10.1.0.2,20780,10.1.0.1,16280,3,0.0-48.0,70560,11759
20191031111844,10.1.0.2,20664,10.1.0.1,16164,3,0.0-78.2,29300040,2997244
20191031111844,10.1.0.1,16164,10.1.0.2,20664,3,0.0-78.2,29285340,2997154,0.060,10,19932,0.050,0
20191031111844,10.1.0.1,16280,10.1.0.2,20780,3,0.0-48.0,70560,11763,62.594,0,48,0.000,0
20191031111844,10.1.0.2,20712,10.1.0.1,16212,3,0.0-65.3,868770,106495
20191031111844,10.1.0.1,16212,10.1.0.2,20712,3,0.0-65.2,868770,106529,0.218,0,591,0.000,0
20191031111844,10.1.0.2,20782,10.1.0.1,16282,3,0.0-47.8,733530,122879
20191031111844,10.1.0.1,16282,10.1.0.2,20782,3,0.0-47.7,733530,122993,0.130,0,499,0.000,0
20191031111844,10.1.0.2,20945,10.1.0.1,16445,3,0.0-8.1,1087800,1075190
20191031111844,10.1.0.1,16445,10.1.0.2,20945,3,0.0-8.1,1083390,1075843,0.077,3,740,0.405,0
20191031111845,10.1.0.2,20754,10.1.0.1,16254,3,0.0-55.2,2394630,347135
20191031111845,10.1.0.1,16254,10.1.0.2,20754,3,0.0-55.2,2393160,347146,0.071,1,1629,0.061,0
20191031111845,10.1.0.2,20652,10.1.0.1,16152,3,0.0-81.4,6917820,679935
20191031111845,10.1.0.1,16152,10.1.0.2,20652,3,0.0-81.4,6916350,679955,0.073,1,4706,0.021,0
20191031111845,10.1.0.2,20840,10.1.0.1,16340,3,0.0-33.8,774690,183295
20191031111845,10.1.0.1,16340,10.1.0.2,20840,3,0.0-33.8,774690,183322,0.120,0,527,0.000,0
20191031111846,10.1.0.2,20799,10.1.0.1,16299,3,0.0-45.8,4780440,835583
20191031111846,10.1.0.2,20607,10.1.0.1,16107,3,0.0-95.5,269010,22527
20191031111846,10.1.0.1,16107,10.1.0.2,20607,3,0.0-95.5,269010,22533,62.580,0,183,0.000,0
20191031111846,10.1.0.1,16299,10.1.0.2,20799,3,0.0-45.7,4777500,835746,0.099,2,3252,0.062,0
20191031111846,10.1.0.2,20651,10.1.0.1,16151,3,0.0-82.6,6678210,647167
20191031111846,10.1.0.1,16151,10.1.0.2,20651,3,0.0-82.5,6675270,647151,0.060,2,4543,0.044,0
20191031111846,10.1.0.2,20783,10.1.0.1,16283,3,0.0-49.2,8683290,1411069
20191031111846,10.1.0.1,16283,10.1.0.2,20783,3,0.0-49.2,8683290,1411167,0.257,0,5907,0.000,0
20191031111846,10.1.0.2,20920,10.1.0.1,16420,3,0.0-14.5,643860,356349
20191031111846,10.1.0.1,16420,10.1.0.2,20920,3,0.0-14.4,643860,356839,0.070,0,438,0.000,0
20191031111846,10.1.0.2,20743,10.1.0.1,16243,3,0.0-59.4,10290000,1385470
20191031111847,10.1.0.2,20627,10.1.0.1,16127,3,0.0-89.9,8839110,786431
20191031111847,10.1.0.1,16127,10.1.0.2,20627,3,0.0-89.9,8839110,786506,0.101,0,6013,0.000,0
20191031111847,10.1.0.1,16243,10.1.0.2,20743,3,0.0-59.4,10290000,1385602,0.081,0,7000,0.000,0
20191031111847,10.1.0.2,20958,10.1.0.1,16458,3,0.0-7.4,1703730,1833969
20191031111847,10.1.0.2,20789,10.1.0.1,16289,3,0.0-49.0,3557400,580607
20191031111847,10.1.0.1,16458,10.1.0.2,20958,3,0.0-7.4,1702260,1835011,0.078,1,1159,0.086,0
20191031111847,10.1.0.2,20826,10.1.0.1,16326,3,0.0-41.0,398370,77823
20191031111847,10.1.0.2,20836,10.1.0.1,16336,3,0.0-37.7,6400380,1359869
20191031111847,10.1.0.1,16326,10.1.0.2,20826,3,0.0-40.9,398370,77840,0.157,0,271,0.000,0
20191031111847,10.1.0.1,16336,10.1.0.2,20836,3,0.0-37.6,6397440,1360124,0.083,2,4354,0.046,0
20191031111847,10.1.0.2,20804,10.1.0.1,16304,3,0.0-46.1,13825350,2397181
20191031111847,10.1.0.1,16289,10.1.0.2,20789,3,0.0-49.0,3557400,580780,0.095,0,2420,0.000,0
20191031111847,10.1.0.1,16304,10.1.0.2,20804,3,0.0-46.1,13812120,2397224,0.064,9,9405,0.096,0
20191031111847,10.1.0.2,20616,10.1.0.1,16116,3,0.0-93.6,5174400,442367
20191031111847,10.1.0.1,16116,10.1.0.2,20616,3,0.0-93.6,5174400,442434,0.068,0,3520,0.000,0
20191031111847,10.1.0.2,20861,10.1.0.1,16361,3,0.0-29.7,64680,17407
20191031111847,10.1.0.1,16361,10.1.0.2,20861,3,0.0-29.7,64680,17432,0.063,0,44,0.000,0
20191031111848,10.1.0.2,20925,10.1.0.1,16425,3,0.0-14.8,6241620,3384310
20191031111848,10.1.0.2,20709,10.1.0.1,16209,3,0.0-71.3,9428580,1057790
20191031111848,10.1.0.1,16425,10.1.0.2,20925,3,0.0-14.7,6234270,3384501,0.067,5,4246,0.118,0
20191031111848,10.1.0.1,16209,10.1.0.2,20709,3,0.0-71.3,9427110,1057896,0.076,1,6414,0.016,0
20191031111848,10.1.0.2,20702,10.1.0.1,16202,3,0.0-74.0,7867440,850943
20191031111848,10.1.0.2,20738,10.1.0.1,16238,3,0.0-63.1,3308970,419839
20191031111848,10.1.0.1,16202,10.1.0.2,20702,3,0.0-73.9,7863030,850990,0.137,3,5352,0.056,0
20191031111849,10.1.0.2,20955,10.1.0.1,16455,3,0.0-10.1,220500,174078
20191031111849,10.1.0.1,16455,10.1.0.2,20955,3,0.0-10.1,220500,174766,62.567,0,150,0.000,0
20191031111849,10.1.0.2,20822,10.1.0.1,16322,3,0.0-43.8,4637850,847870
20191031111849,10.1.0.2,20736,10.1.0.1,16236,3,0.0-63.7,6811980,855038
20191031111849,10.1.0.1,16238,10.1.0.2,20738,3,0.0-63.0,3307500,419896,0.408,1,2251,0.044,0
20191031111849,10.1.0.1,16322,10.1.0.2,20822,3,0.0-43.8,4637850,847959,0.078,0,3155,0.000,0
20191031111849,10.1.0.1,16236,10.1.0.2,20736,3,0.0-63.6,6798750,855030,0.083,9,4634,0.194,0
20191031111849,10.1.0.2,20812,10.1.0.1,16312,3,0.0-45.9,3645600,634879
20191031111849,10.1.0.2,20632,10.1.0.1,16132,3,0.0-90.8,18890970,1663998
20191031111849,10.1.0.1,16312,10.1.0.2,20812,3,0.0-45.9,3645600,635004,0.112,0,2480,0.000,0
20191031111849,10.1.0.1,16132,10.1.0.2,20632,3,0.0-90.8,18888030,1664055,0.060,2,12851,0.016,0
20191031111850,10.1.0.2,20954,10.1.0.1,16454,3,0.0-11.6,1502340,1040378
20191031111850,10.1.0.1,16454,10.1.0.2,20954,3,0.0-11.5,1502340,1040883,0.073,0,1022,0.000,0
20191031111850,10.1.0.2,20689,10.1.0.1,16189,3,0.0-77.9,24657780,2532349
20191031111850,10.1.0.1,16189,10.1.0.2,20689,3,0.0-77.9,24648960,2532317,0.083,6,16774,0.036,0
20191031111850,10.1.0.2,20969,10.1.0.1,16469,3,0.0-7.8,379260,389119
20191031111850,10.1.0.1,16469,10.1.0.2,20969,3,0.0-7.8,379260,389322,0.062,0,258,0.000,0
20191031111850,10.1.0.2,20624,10.1.0.1,16124,3,0.0-94.7,6437130,543743
20191031111850,10.1.0.1,16124,10.1.0.2,20624,3,0.0-94.7,6435660,543802,0.081,1,4379,0.023,0
20191031111850,10.1.0.2,20667,10.1.0.1,16167,3,0.0-83.0,3006150,289791
20191031111850,10.1.0.1,16167,10.1.0.2,20667,3,0.0-82.9,3004680,289787,0.091,1,2045,0.049,0
20191031111850,10.1.0.2,20963,10.1.0.1,16463,3,0.0-9.4,349860,297982
20191031111850,10.1.0.1,16463,10.1.0.2,20963,3,0.0-9.4,348390,298072,0.091,1,238,0.420,0
20191031111850,10.1.0.2,20695,10.1.0.1,16195,3,0.0-77.5,2578380,266239
20191031111850,10.1.0.2,20753,10.1.0.1,16253,3,0.0-60.9,6911940,908287
20191031111850,10.1.0.1,16195,10.1.0.2,20695,3,0.0-77.4,2578380,266362,0.107,0,1754,0.000,0
20191031111850,10.1.0.2,20833,10.1.0.1,16333,3,0.0-42.9,1345050,250879
20191031111850,10.1.0.2,20864,10.1.0.1,16364,3,0.0-32.2,2065350,513023
20191031111850,10.1.0.1,16364,10.1.0.2,20864,3,0.0-32.2,2065350,513293,0.272,0,1405,0.000,0
20191031111850,10.1.0.2,20711,10.1.0.1,16211,3,0.0-71.7,6404790,714751
20191031111851,10.1.0.1,16253,10.1.0.2,20753,3,0.0-60.8,6907530,908415,0.198,3,4702,0.064,0
20191031111851,10.1.0.1,16211,10.1.0.2,20711,3,0.0-71.7,6403320,714865,0.138,1,4357,0.023,0
20191031111851,10.1.0.1,16333,10.1.0.2,20833,3,0.0-42.9,1345050,250912,0.103,0,915,0.000,0
20191031111851,10.1.0.2,20831,10.1.0.1,16331,3,0.0-43.9,640920,116735
20191031111851,10.1.0.1,16331,10.1.0.2,20831,3,0.0-43.8,639450,116735,0.079,1,436,0.229,0
20191031111851,10.1.0.2,20849,10.1.0.1,16349,3,0.0-36.7,2842980,619517
20191031111851,10.1.0.1,16349,10.1.0.2,20849,3,0.0-36.7,2842980,619635,0.087,0,1934,0.000,0
20191031111852,10.1.0.2,20957,10.1.0.1,16457,3,0.0-12.9,1952160,1212410
20191031111852,10.1.0.2,20778,10.1.0.1,16278,3,0.0-56.3,11607120,1650687
20191031111852,10.1.0.1,16457,10.1.0.2,20957,3,0.0-12.9,1950690,1212780,0.067,1,1328,0.075,0
20191031111852,10.1.0.1,16278,10.1.0.2,20778,3,0.0-56.2,11601240,1650672,0.089,4,7896,0.051,0
20191031111852,10.1.0.2,20749,10.1.0.1,16249,3,0.0-64.5,1015770,125951
20191031111852,10.1.0.1,16249,10.1.0.2,20749,3,0.0-64.5,1015770,126044,0.101,0,691,0.000,0
20191031111853,10.1.0.2,20951,10.1.0.1,16451,3,0.0-15.5,2269680,1169401
20191031111853,10.1.0.1,16451,10.1.0.2,20951,3,0.0-15.5,2266740,1169422,0.062,2,1544,0.130,0
20191031111853,10.1.0.2,20847,10.1.0.1,16347,3,0.0-41.1,8132040,1583099
20191031111853,10.1.0.1,16347,10.1.0.2,20847,3,0.0-41.0,8121750,1583128,0.100,7,5532,0.127,0
20191031111853,10.1.0.2,20643,10.1.0.1,16143,3,0.0-92.0,2544570,221183
20191031111853,10.1.0.1,16143,10.1.0.2,20643,3,0.0-92.0,2544570,221232,0.084,0,1731,0.000,0
20191031111854,10.1.0.2,20906,10.1.0.1,16406,3,0.0-26.0,10506090,3236854
20191031111854,10.1.0.1,16406,10.1.0.2,20906,3,0.0-25.9,10485510,3236943,0.087,14,7147,0.196,0
20191031111854,10.1.0.2,20784,10.1.0.1,16284,3,0.0-57.6,9002280,1250302
20191031111854,10.1.0.1,16284,10.1.0.2,20784,3,0.0-57.6,9002280,1250390,0.135,0,6124,0.000,0
20191031111854,10.1.0.2,20852,10.1.0.1,16352,3,0.0-38.9,5675670,1166333
20191031111854,10.1.0.1,16352,10.1.0.2,20852,3,0.0-38.9,5668320,1166412,0.097,5,3861,0.130,0
20191031111855,10.1.0.2,20874,10.1.0.1,16374,3,0.0-33.1,1505280,363519
20191031111855,10.1.0.1,16374,10.1.0.2,20874,3,0.0-33.1,1503810,363620,0.275,1,1024,0.098,0
20191031111855,10.1.0.2,20853,10.1.0.1,16353,3,0.0-39.1,4843650,991229
20191031111855,10.1.0.1,16353,10.1.0.2,20853,3,0.0-39.1,4843650,991323,0.078,0,3295,0.000,0
20191031111855,10.1.0.2,20705,10.1.0.1,16205,3,0.0-79.7,6178410,620543
20191031111855,10.1.0.1,16205,10.1.0.2,20705,3,0.0-79.6,6178410,620643,0.064,0,4203,0.000,0
20191031111855,10.1.0.2,20914,10.1.0.1,16414,3,0.0-25.5,436590,137215
20191031111855,10.1.0.1,16414,10.1.0.2,20914,3,0.0-25.4,436590,137267,0.168,0,297,0.000,0
20191031111855,10.1.0.2,20965,10.1.0.1,16465,3,0.0-14.0,2931180,1670135
20191031111855,10.1.0.1,16465,10.1.0.2,20965,3,0.0-14.0,2925300,1670417,0.050,4,1994,0.201,0
20191031111855,10.1.0.2,20859,10.1.0.1,16359,3,0.0-38.1,2043300,429055
20191031111855,10.1.0.1,16359,10.1.0.2,20859,3,0.0-38.1,2041830,429119,0.114,1,1390,0.072,0
20191031111855,10.1.0.2,20930,10.1.0.1,16430,3,0.0-21.6,4581990,1697785
20191031111855,10.1.0.1,16430,10.1.0.2,20930,3,0.0-21.6,4580520,1697704,0.112,1,3117,0.032,0
20191031111855,10.1.0.2,20777,10.1.0.1,16277,3,0.0-60.0,338100,45055
20191031111855,10.1.0.1,16277,10.1.0.2,20777,3,0.0-60.0,338100,45060,0.109,0,230,0.000,0
20191031111856,10.1.0.2,20878,10.1.0.1,16378,3,0.0-33.2,4036620,972799
20191031111856,10.1.0.2,20866,10.1.0.1,16366,3,0.0-36.9,4132170,897021
20191031111856,10.1.0.1,16366,10.1.0.2,20866,3,0.0-36.8,4127760,897042,62.575,3,2811,0.107,0
20191031111856,10.1.0.1,16378,10.1.0.2,20878,3,0.0-33.2,4033680,973061,62.552,2,2746,0.073,0
20191031111856,10.1.0.2,20978,10.1.0.1,16478,3,0.0-11.4,341040,238591
20191031111856,10.1.0.1,16478,10.1.0.2,20978,3,0.0-11.4,341040,238906,0.135,0,232,0.000,0
20191031111856,10.1.0.2,20666,10.1.0.1,16166,3,0.0-88.9,4949490,445439
20191031111856,10.1.0.2,20649,10.1.0.1,16149,3,0.0-92.6,14597100,1260542
20191031111856,10.1.0.2,20691,10.1.0.1,16191,3,0.0-84.1,23862510,2270206
20191031111856,10.1.0.1,16191,10.1.0.2,20691,3,0.0-84.1,23861040,2270183,0.087,1,16233,0.006,0
20191031111856,10.1.0.1,16149,10.1.0.2,20649,3,0.0-92.6,14594160,1260530,0.059,2,9930,0.020,0
20191031111856,10.1.0.1,16166,10.1.0.2,20666,3,0.0-88.9,4948020,445437,0.071,1,3367,0.030,0
20191031111856,10.1.0.2,20821,10.1.0.1,16321,3,0.0-51.0,176400,27647
20191031111856,10.1.0.1,16321,10.1.0.2,20821,3,0.0-51.0,176400,27656,62.584,0,120,0.000,0
20191031111856,10.1.0.2,20839,10.1.0.1,16339,3,0.0-45.3,1793400,316415
20191031111856,10.1.0.1,16339,10.1.0.2,20839,3,0.0-45.3,1791930,316491,0.200,1,1220,0.082,0
20191031111856,10.1.0.2,21000,10.1.0.1,16500,3,0.0-5.7,2681280,3761101
20191031111856,10.1.0.1,16500,10.1.0.2,21000,3,0.0-5.7,2678340,3761508,0.094,2,1824,0.110,0
20191031111856,10.1.0.2,20681,10.1.0.1,16181,3,0.0-86.0,30157050,2804733
20191031111856,10.1.0.1,16181,10.1.0.2,20681,3,0.0-86.0,30142350,2804784,0.074,10,20515,0.049,0
20191031111857,10.1.0.2,20734,10.1.0.1,16234,3,0.0-72.1,5318460,589823
20191031111857,10.1.0.1,16234,10.1.0.2,20734,3,0.0-72.1,5318460,589951,0.147,0,3618,0.000,0
20191031111857,10.1.0.2,20779,10.1.0.1,16279,3,0.0-60.9,6271020,823295
20191031111857,10.1.0.1,16279,10.1.0.2,20779,3,0.0-60.9,6269550,823332,0.113,1,4266,0.023,0
20191031111857,10.1.0.2,20885,10.1.0.1,16385,3,0.0-32.9,11929050,2902011
20191031111857,10.1.0.1,16385,10.1.0.2,20885,3,0.0-32.9,11918760,2901934,0.068,7,8115,0.086,0
20191031111858,10.1.0.2,20633,10.1.0.1,16133,3,0.0-98.5,1336230,108543
20191031111858,10.1.0.1,16133,10.1.0.2,20633,3,0.0-98.5,1336230,108580,62.577,0,909,0.000,0
20191031111858,10.1.0.2,20732,10.1.0.1,16232,3,0.0-73.9,15706950,1699838
20191031111858,10.1.0.1,16232,10.1.0.2,20732,3,0.0-73.9,15699600,1699802,0.075,5,10685,0.047,0
20191031111858,10.1.0.2,20768,10.1.0.1,16268,3,0.0-64.8,11207280,1383423
20191031111858,10.1.0.1,16268,10.1.0.2,20768,3,0.0-64.8,11198460,1383462,0.057,6,7624,0.079,0
20191031111858,10.1.0.2,20882,10.1.0.1,16382,3,0.0-35.0,2293200,524286
20191031111858,10.1.0.1,16382,10.1.0.2,20882,3,0.0-35.0,2291730,524376,0.059,1,1560,0.064,0
20191031111858,10.1.0.2,20722,10.1.0.1,16222,3,0.0-77.0,113190,11759
20191031111858,10.1.0.1,16222,10.1.0.2,20722,3,0.0-77.0,113190,11762,62.584,0,77,0.000,0
20191031111858,10.1.0.2,20690,10.1.0.1,16190,3,0.0-86.5,25632390,2369534
20191031111858,10.1.0.1,16190,10.1.0.2,20690,3,0.0-86.5,25630920,2369539,0.127,1,17437,0.006,0
20191031111858,10.1.0.2,20871,10.1.0.1,16371,3,0.0-37.9,1941870,409599
20191031111858,10.1.0.1,16371,10.1.0.2,20871,3,0.0-37.9,1940400,409605,0.335,1,1321,0.076,0
20191031111859,10.1.0.2,20858,10.1.0.1,16358,3,0.0-42.2,18683700,3539964
20191031111859,10.1.0.1,16358,10.1.0.2,20858,3,0.0-42.2,18669000,3539974,0.060,10,12710,0.079,0
20191031111900,10.1.0.2,20830,10.1.0.1,16330,3,0.0-52.9,5280240,798718
20191031111900,10.1.0.1,16330,10.1.0.2,20830,3,0.0-52.9,5277300,798770,0.376,2,3592,0.056,0
20191031111900,10.1.0.2,20862,10.1.0.1,16362,3,0.0-42.5,6212220,1170429
20191031111900,10.1.0.1,16362,10.1.0.2,20862,3,0.0-42.5,6210750,1170430,0.490,1,4226,0.024,0
20191031111900,10.1.0.2,20886,10.1.0.1,16386,3,0.0-36.2,8592150,1899517
20191031111900,10.1.0.1,16386,10.1.0.2,20886,3,0.0-36.2,8584800,1899517,0.092,5,5845,0.086,0
20191031111901,10.1.0.2,20884,10.1.0.1,16384,3,0.0-37.0,7868910,1702909
20191031111901,10.1.0.1,16384,10.1.0.2,20884,3,0.0-36.9,7863030,1702922,0.054,4,5353,0.075,0
20191031111901,10.1.0.2,20888,10.1.0.1,16388,3,0.0-36.2,1422960,314367
20191031111901,10.1.0.1,16388,10.1.0.2,20888,3,0.0-36.2,1422960,314453,0.157,0,968,0.000,0
20191031111901,10.1.0.2,20741,10.1.0.1,16241,3,0.0-75.0,8230530,877567
20191031111901,10.1.0.2,20653,10.1.0.1,16153,3,0.0-97.7,7166250,586751
20191031111901,10.1.0.1,16153,10.1.0.2,20653,3,0.0-97.7,7164780,586819,0.082,1,4875,0.021,0
20191031111901,10.1.0.1,16241,10.1.0.2,20741,3,0.0-75.0,8229060,877580,0.077,1,5599,0.018,0
20191031111901,10.1.0.2,20855,10.1.0.1,16355,3,0.0-45.1,11480700,2034685
20191031111902,10.1.0.1,16355,10.1.0.2,20855,3,0.0-45.1,11476290,2034675,0.074,3,7810,0.038,0
20191031111902,10.1.0.2,20948,10.1.0.1,16448,3,0.0-24.8,1323000,427006
20191031111902,10.1.0.1,16448,10.1.0.2,20948,3,0.0-24.8,1323000,427135,0.067,0,900,0.000,0
20191031111903,10.1.0.2,20902,10.1.0.1,16402,3,0.0-35.3,4868640,1102846
20191031111903,10.1.0.1,16402,10.1.0.2,20902,3,0.0-35.3,4867170,1102829,0.063,1,3312,0.030,0
20191031111903,10.1.0.2,20675,10.1.0.1,16175,3,0.0-94.3,12397980,1051647
20191031111903,10.1.0.1,16175,10.1.0.2,20675,3,0.0-94.3,12395040,1051632,0.079,2,8434,0.024,0
20191031111903,10.1.0.2,20825,10.1.0.1,16325,3,0.0-57.9,2313780,319487
20191031111904,10.1.0.1,16325,10.1.0.2,20825,3,0.0-57.9,2313780,319577,0.066,0,1574,0.000,0
20191031111904,10.1.0.2,20801,10.1.0.1,16301,3,0.0-63.7,1214220,152575
20191031111904,10.1.0.1,16301,10.1.0.2,20801,3,0.0-63.6,1214220,152655,0.083,0,826,0.000,0
20191031111905,10.1.0.2,20791,10.1.0.1,16291,3,0.0-66.5,3150210,378879
20191031111905,10.1.0.1,16291,10.1.0.2,20791,3,0.0-66.5,3148740,378877,0.323,1,2143,0.047,0
20191031111905,10.1.0.2,20723,10.1.0.1,16223,3,0.0-83.2,7426440,713727
20191031111905,10.1.0.1,16223,10.1.0.2,20723,3,0.0-83.2,7423500,713752,0.133,2,5052,0.040,0
20191031111905,10.1.0.2,20865,10.1.0.1,16365,3,0.0-46.2,4320330,748542
20191031111905,10.1.0.1,16365,10.1.0.2,20865,3,0.0-46.1,4315920,748614,0.134,3,2939,0.102,0
20191031111905,10.1.0.2,20764,10.1.0.1,16264,3,0.0-72.5,5383140,593919
20191031111905,10.1.0.1,16264,10.1.0.2,20764,3,0.0-72.5,5383140,594038,0.120,0,3662,0.000,0
20191031111905,10.1.0.2,20776,10.1.0.1,16276,3,0.0-70.0,5515440,630783
20191031111905,10.1.0.1,16276,10.1.0.2,20776,3,0.0-69.9,5515440,630914,0.065,0,3752,0.000,0
20191031111906,10.1.0.2,20688,10.1.0.1,16188,3,0.0-94.0,138180,11759
20191031111906,10.1.0.1,16188,10.1.0.2,20688,3,0.0-94.0,138180,11763,62.638,0,94,0.000,0
20191031111906,10.1.0.2,20758,10.1.0.1,16258,3,0.0-75.1,3904320,415743
20191031111906,10.1.0.1,16258,10.1.0.2,20758,3,0.0-75.1,3904320,415801,0.082,0,2656,0.000,0
20191031111907,10.1.0.2,20911,10.1.0.1,16411,3,0.0-38.5,3270750,678910
20191031111907,10.1.0.1,16411,10.1.0.2,20911,3,0.0-38.5,3270750,679098,0.074,0,2225,0.000,0
20191031111910,10.1.0.2,20751,10.1.0.1,16251,3,0.0-81.1,882000,87039
20191031111910,10.1.0.1,16251,10.1.0.2,20751,3,0.0-81.0,882000,87070,0.102,0,600,0.000,0
20191031111910,10.1.0.2,20876,10.1.0.1,16376,3,0.0-48.4,1115730,184319
20191031111910,10.1.0.1,16376,10.1.0.2,20876,3,0.0-48.4,1115730,184345,0.901,0,759,0.000,0
20191031111910,10.1.0.2,20813,10.1.0.1,16313,3,0.0-67.2,1126020,134143
20191031111910,10.1.0.1,16313,10.1.0.2,20813,3,0.0-67.1,1126020,134239,0.075,0,766,0.000,0
20191031111910,10.1.0.2,20757,10.1.0.1,16257,3,0.0-80.4,1522920,151551
20191031111910,10.1.0.1,16257,10.1.0.2,20757,3,0.0-80.4,1522920,151557,0.092,0,1036,0.000,0
20191031111911,10.1.0.2,20683,10.1.0.1,16183,3,0.0-99.7,6316590,506879
20191031111911,10.1.0.1,16183,10.1.0.2,20683,3,0.0-99.7,6316590,506929,0.226,0,4297,0.000,0
20191031111911,10.1.0.2,20889,10.1.0.1,16389,3,0.0-45.2,7943880,1405950
20191031111911,10.1.0.1,16389,10.1.0.2,20889,3,0.0-45.2,7939470,1405951,0.066,3,5404,0.056,0
20191031111911,10.1.0.2,20686,10.1.0.1,16186,3,0.0-99.7,11934930,957439
20191031111911,10.1.0.1,16186,10.1.0.2,20686,3,0.0-99.7,11931990,957451,0.081,2,8119,0.025,0
20191031111911,10.1.0.2,20805,10.1.0.1,16305,3,0.0-69.9,5559540,635903
20191031111911,10.1.0.1,16305,10.1.0.2,20805,3,0.0-69.9,5559540,635967,0.085,0,3782,0.000,0
20191031111911,10.1.0.2,20737,10.1.0.1,16237,3,0.0-86.2,35697480,3311613
20191031111911,10.1.0.1,16237,10.1.0.2,20737,3,0.0-86.2,35691600,3311632,0.075,4,24284,0.016,0
20191031111912,10.1.0.2,20982,10.1.0.1,16482,3,0.0-26.9,3536820,1050620
20191031111912,10.1.0.1,16482,10.1.0.2,20982,3,0.0-26.9,3532410,1050887,0.056,3,2406,0.125,0
20191031111912,10.1.0.2,20993,10.1.0.1,16493,3,0.0-25.2,2887080,917502
20191031111912,10.1.0.2,20703,10.1.0.1,16203,3,0.0-97.5,23195130,1902590
20191031111912,10.1.0.1,16203,10.1.0.2,20703,3,0.0-97.5,23190720,1902565,0.304,3,15779,0.019,0
20191031111912,10.1.0.1,16493,10.1.0.2,20993,3,0.0-25.1,2881200,917508,0.284,4,1964,0.204,0
20191031111913,10.1.0.2,20787,10.1.0.1,16287,3,0.0-75.8,8242290,870399
20191031111913,10.1.0.1,16287,10.1.0.2,20787,3,0.0-75.7,8240820,870394,0.113,1,5607,0.018,0
20191031111913,10.1.0.2,20727,10.1.0.1,16227,3,0.0-90.3,9306570,824319
20191031111913,10.1.0.1,16227,10.1.0.2,20727,3,0.0-90.3,9306570,824403,0.068,0,6331,0.000,0
20191031111913,10.1.0.2,20772,10.1.0.1,16272,3,0.0-79.4,8399580,845823
20191031111913,10.1.0.1,16272,10.1.0.2,20772,3,0.0-79.4,8396640,845843,0.073,2,5714,0.035,0
20191031111913,10.1.0.2,20942,10.1.0.1,16442,3,0.0-37.5,5327280,1135614
20191031111914,10.1.0.2,20971,10.1.0.1,16471,3,0.0-31.2,1624350,416767
20191031111914,10.1.0.1,16471,10.1.0.2,20971,3,0.0-31.2,1624350,416904,0.080,0,1105,0.000,0
20191031111914,10.1.0.1,16442,10.1.0.2,20942,3,0.0-37.5,5321400,1135651,0.062,4,3624,0.110,0
20191031111914,10.1.0.2,20877,10.1.0.1,16377,3,0.0-51.7,6972210,1078270
20191031111914,10.1.0.1,16377,10.1.0.2,20877,3,0.0-51.7,6972210,1078370,0.055,0,4743,0.000,0
20191031111914,10.1.0.2,20977,10.1.0.1,16477,3,0.0-30.1,9659370,2565112
20191031111914,10.1.0.1,16477,10.1.0.2,20977,3,0.0-30.1,9652020,2565140,0.287,5,6571,0.076,0
20191031111914,10.1.0.2,20718,10.1.0.1,16218,3,0.0-94.7,1502340,126975
20191031111915,10.1.0.1,16218,10.1.0.2,20718,3,0.0-94.6,1502340,126996,0.085,0,1022,0.000,0
20191031111915,10.1.0.2,20961,10.1.0.1,16461,3,0.0-34.4,9925440,2307069
20191031111915,10.1.0.1,16461,10.1.0.2,20961,3,0.0-34.4,9922500,2307089,0.081,2,6752,0.030,0
20191031111915,10.1.0.2,20785,10.1.0.1,16285,3,0.0-77.8,477750,49151
20191031111915,10.1.0.1,16285,10.1.0.2,20785,3,0.0-77.7,477750,49164,0.076,0,325,0.000,0
20191031111915,10.1.0.2,20841,10.1.0.1,16341,3,0.0-64.2,8352540,1040382
20191031111915,10.1.0.1,16341,10.1.0.2,20841,3,0.0-64.2,8351070,1040373,0.072,1,5682,0.018,0
20191031111916,10.1.0.2,20970,10.1.0.1,16470,3,0.0-33.5,2157960,515070
20191031111916,10.1.0.1,16470,10.1.0.2,20970,3,0.0-33.5,2157960,515369,0.101,0,1468,0.000,0
20191031111916,10.1.0.2,20713,10.1.0.1,16213,3,0.0-97.0,16020060,1320959
20191031111916,10.1.0.1,16213,10.1.0.2,20713,3,0.0-97.0,16018590,1320921,0.079,1,10898,0.009,0
20191031111916,10.1.0.2,20946,10.1.0.1,16446,3,0.0-39.3,8202600,1668092
20191031111916,10.1.0.1,16446,10.1.0.2,20946,3,0.0-39.3,8195250,1668350,0.064,5,5580,0.090,0
20191031111917,10.1.0.2,20851,10.1.0.1,16351,3,0.0-61.8,5264070,680959
20191031111917,10.1.0.1,16351,10.1.0.2,20851,3,0.0-61.8,5262600,681099,0.156,1,3581,0.028,0
20191031111918,10.1.0.2,20818,10.1.0.1,16318,3,0.0-73.2,26005770,2841597
20191031111918,10.1.0.1,16318,10.1.0.2,20818,3,0.0-73.2,25994010,2841533,0.089,8,17691,0.045,0
20191031111918,10.1.0.2,20897,10.1.0.1,16397,3,0.0-50.5,4645200,735230
20191031111918,10.1.0.1,16397,10.1.0.2,20897,3,0.0-50.5,4643730,735415,0.072,1,3160,0.032,0
20191031111918,10.1.0.2,20908,10.1.0.1,16408,3,0.0-49.8,7401450,1189886
20191031111918,10.1.0.1,16408,10.1.0.2,20908,3,0.0-49.7,7398510,1190022,0.062,2,5035,0.040,0
20191031111918,10.1.0.2,20975,10.1.0.1,16475,3,0.0-34.1,7452900,1746940
20191031111918,10.1.0.1,16475,10.1.0.2,20975,3,0.0-34.1,7444080,1746966,0.093,6,5070,0.118,0
20191031111919,10.1.0.2,20960,10.1.0.1,16460,3,0.0-38.8,5337570,1100796
20191031111919,10.1.0.1,16460,10.1.0.2,20960,3,0.0-38.8,5337570,1101008,0.189,0,3631,0.000,0
20191031111919,10.1.0.2,20735,10.1.0.1,16235,3,0.0-94.1,5070030,431103
20191031111919,10.1.0.1,16235,10.1.0.2,20735,3,0.0-94.1,5070030,431163,0.329,0,3449,0.000,0
20191031111919,10.1.0.2,20750,10.1.0.1,16250,3,0.0-90.8,499800,44031
20191031111919,10.1.0.1,16250,10.1.0.2,20750,3,0.0-90.8,499800,44036,0.114,0,340,0.000,0
20191031111919,10.1.0.2,20907,10.1.0.1,16407,3,0.0-51.5,7546980,1172479
20191031111919,10.1.0.1,16407,10.1.0.2,20907,3,0.0-51.4,7541100,1172606,0.061,4,5134,0.078,0
20191031111920,10.1.0.2,20761,10.1.0.1,16261,3,0.0-87.9,15049860,1370111
20191031111920,10.1.0.1,16261,10.1.0.2,20761,3,0.0-87.8,15045450,1370172,0.054,3,10238,0.029,0
20191031111920,10.1.0.2,20797,10.1.0.1,16297,3,0.0-80.9,683550,67583
20191031111920,10.1.0.1,16297,10.1.0.2,20797,3,0.0-80.9,683550,67596,0.262,0,465,0.000,0
20191031111921,10.1.0.2,20816,10.1.0.1,16316,3,0.0-77.1,4676070,485375
20191031111921,10.1.0.1,16316,10.1.0.2,20816,3,0.0-77.0,4673130,485367,0.156,2,3181,0.063,0
20191031111921,10.1.0.2,20966,10.1.0.1,16466,3,0.0-40.0,58800,11759
20191031111921,10.1.0.1,16466,10.1.0.2,20966,3,0.0-40.0,58800,11761,62.728,0,40,0.000,0
20191031111922,10.1.0.2,20868,10.1.0.1,16368,3,0.0-62.3,7836570,1005566
20191031111922,10.1.0.1,16368,10.1.0.2,20868,3,0.0-62.3,7836570,1005625,0.070,0,5331,0.000,0
20191031111922,10.1.0.2,20900,10.1.0.1,16400,3,0.0-54.6,949620,139263
20191031111922,10.1.0.1,16400,10.1.0.2,20900,3,0.0-54.5,949620,139330,0.360,0,646,0.000,0
20191031111922,10.1.0.2,20781,10.1.0.1,16281,3,0.0-86.3,2241750,207871
20191031111922,10.1.0.1,16281,10.1.0.2,20781,3,0.0-86.2,2241750,207950,0.140,0,1525,0.000,0
20191031111923,10.1.0.2,20745,10.1.0.1,16245,3,0.0-95.0,5688900,479231
20191031111923,10.1.0.1,16245,10.1.0.2,20745,3,0.0-94.9,5687430,479285,0.138,1,3870,0.026,0
20191031111924,10.1.0.2,20796,10.1.0.1,16296,3,0.0-84.9,13063890,1230847
20191031111924,10.1.0.1,16296,10.1.0.2,20796,3,0.0-84.9,13063890,1230912,0.066,0,8887,0.000,0
20191031111924,10.1.0.2,20875,10.1.0.1,16375,3,0.0-62.7,10688370,1363965
20191031111925,10.1.0.1,16375,10.1.0.2,20875,3,0.0-62.7,10688370,1364050,0.368,0,7271,0.000,0
20191031111925,10.1.0.2,20870,10.1.0.1,16370,3,0.0-64.7,3129630,387071
20191031111925,10.1.0.1,16370,10.1.0.2,20870,3,0.0-64.6,3128160,387128,0.090,1,2129,0.047,0
20191031111925,10.1.0.2,20896,10.1.0.1,16396,3,0.0-58.3,30431940,4174844
20191031111925,10.1.0.2,20819,10.1.0.1,16319,3,0.0-81.1,16406670,1618943
20191031111925,10.1.0.1,16396,10.1.0.2,20896,3,0.0-58.3,30420180,4174834,0.067,8,20702,0.039,0
20191031111925,10.1.0.1,16319,10.1.0.2,20819,3,0.0-81.0,16400790,1619012,0.077,4,11161,0.036,0
20191031111926,10.1.0.2,20846,10.1.0.1,16346,3,0.0-73.7,7648410,830462
20191031111926,10.1.0.1,16346,10.1.0.2,20846,3,0.0-73.6,7645470,830510,0.058,2,5203,0.038,0
20191031111926,10.1.0.2,20762,10.1.0.1,16262,3,0.0-94.3,1049580,89087
20191031111926,10.1.0.1,16262,10.1.0.2,20762,3,0.0-94.2,1049580,89107,0.308,0,714,0.000,0
20191031111926,10.1.0.2,20802,10.1.0.1,16302,3,0.0-86.0,715890,66559
20191031111927,10.1.0.1,16302,10.1.0.2,20802,3,0.0-86.0,715890,66571,0.475,0,487,0.000,0
20191031111927,10.1.0.2,20898,10.1.0.1,16398,3,0.0-59.6,3902850,524287
20191031111927,10.1.0.1,16398,10.1.0.2,20898,3,0.0-59.5,3902850,524327,0.248,0,2655,0.000,0
20191031111927,10.1.0.2,20756,10.1.0.1,16256,3,0.0-97.6,3822000,313343
20191031111927,10.1.0.1,16256,10.1.0.2,20756,3,0.0-97.5,3820530,313339,0.255,1,2600,0.038,0
20191031111927,10.1.0.2,20979,10.1.0.1,16479,3,0.0-43.0,324870,60415
20191031111927,10.1.0.2,20773,10.1.0.1,16273,3,0.0-93.0,7032480,605183
20191031111927,10.1.0.1,16479,10.1.0.2,20979,3,0.0-43.0,324870,60422,0.433,0,221,0.000,0
20191031111927,10.1.0.2,20919,10.1.0.1,16419,3,0.0-56.2,5003880,711679
20191031111927,10.1.0.1,16419,10.1.0.2,20919,3,0.0-56.2,5003880,711826,0.111,0,3404,0.000,0
20191031111927,10.1.0.2,20808,10.1.0.1,16308,3,0.0-85.7,1919820,179199
20191031111927,10.1.0.1,16273,10.1.0.2,20773,3,0.0-93.0,7032480,605218,0.179,0,4784,0.000,0
20191031111928,10.1.0.1,16308,10.1.0.2,20808,3,0.0-85.7,1919820,179227,0.091,0,1306,0.000,0
20191031111928,10.1.0.2,20972,10.1.0.1,16472,3,0.0-45.3,3453030,609278
20191031111928,10.1.0.1,16472,10.1.0.2,20972,3,0.0-45.3,3453030,609335,0.103,0,2349,0.000,0
20191031111929,10.1.0.2,20989,10.1.0.1,16489,3,0.0-42.9,2929710,545790
20191031111930,10.1.0.1,16489,10.1.0.2,20989,3,0.0-42.9,2929710,546006,0.110,0,1993,0.000,0
20191031111930,10.1.0.2,20893,10.1.0.1,16393,3,0.0-63.8,10764810,1350655
20191031111930,10.1.0.1,16393,10.1.0.2,20893,3,0.0-63.8,10764810,1350787,0.062,0,7323,0.000,0
20191031111930,10.1.0.2,20795,10.1.0.1,16295,3,0.0-91.7,26295360,2294782
20191031111931,10.1.0.1,16295,10.1.0.2,20795,3,0.0-91.6,26285070,2294749,0.521,7,17888,0.039,0
20191031111931,10.1.0.2,20985,10.1.0.1,16485,3,0.0-45.0,3895500,692223
20191031111931,10.1.0.1,16485,10.1.0.2,20985,3,0.0-45.0,3894030,692291,0.532,1,2650,0.038,0
20191031111931,10.1.0.2,20832,10.1.0.1,16332,3,0.0-83.6,2012430,192511
20191031111931,10.1.0.1,16332,10.1.0.2,20832,3,0.0-83.6,2012430,192557,0.093,0,1369,0.000,0
20191031111931,10.1.0.2,20835,10.1.0.1,16335,3,0.0-82.0,16768290,1636351
20191031111931,10.1.0.1,16335,10.1.0.2,20835,3,0.0-81.9,16759470,1636313,0.080,6,11407,0.053,0
20191031111932,10.1.0.2,20775,10.1.0.1,16275,3,0.0-96.2,1650810,137215
20191031111932,10.1.0.1,16275,10.1.0.2,20775,3,0.0-96.2,1650810,137246,63.176,0,1123,0.000,0
20191031111932,10.1.0.2,20845,10.1.0.1,16345,3,0.0-80.0,4445280,444415
20191031111932,10.1.0.1,16345,10.1.0.2,20845,3,0.0-80.0,4443810,444411,0.123,1,3024,0.033,0
20191031111932,10.1.0.2,20926,10.1.0.1,16426,3,0.0-58.9,7842450,1065982
20191031111932,10.1.0.1,16426,10.1.0.2,20926,3,0.0-58.8,7836570,1066020,0.112,4,5335,0.075,0
20191031111932,10.1.0.2,20937,10.1.0.1,16437,3,0.0-56.9,8958180,1258495
20191031111932,10.1.0.2,20899,10.1.0.1,16399,3,0.0-65.0,1156890,142335
20191031111932,10.1.0.1,16399,10.1.0.2,20899,3,0.0-65.0,1156890,142373,0.081,0,787,0.000,0
20191031111933,10.1.0.1,16437,10.1.0.2,20937,3,0.0-56.9,8958180,1258640,0.066,0,6094,0.000,0
20191031111934,10.1.0.2,20798,10.1.0.1,16298,3,0.0-94.9,23525880,1983486
20191031111934,10.1.0.1,16298,10.1.0.2,20798,3,0.0-94.9,23522940,1983539,0.063,2,16004,0.012,0
20191031111934,10.1.0.2,20959,10.1.0.1,16459,3,0.0-55.0,80850,11759
20191031111934,10.1.0.2,20932,10.1.0.1,16432,3,0.0-60.2,15398250,2046974
20191031111935,10.1.0.1,16459,10.1.0.2,20959,3,0.0-55.0,80850,11768,62.569,0,55,0.000,0
20191031111935,10.1.0.1,16432,10.1.0.2,20932,3,0.0-60.1,15387960,2047097,0.583,7,10475,0.067,0
20191031111936,10.1.0.2,20843,10.1.0.1,16343,3,0.0-84.1,3629430,345087
20191031111936,10.1.0.1,16343,10.1.0.2,20843,3,0.0-84.1,3627960,345106,0.088,1,2469,0.041,0
20191031111936,10.1.0.2,20827,10.1.0.1,16327,3,0.0-90.3,24800370,2196478
20191031111936,10.1.0.1,16327,10.1.0.2,20827,3,0.0-90.3,24798900,2196432,0.052,1,16871,0.006,0
20191031111936,10.1.0.2,20842,10.1.0.1,16342,3,0.0-84.9,14447160,1361919
20191031111937,10.1.0.1,16342,10.1.0.2,20842,3,0.0-84.8,14442750,1362061,0.042,3,9828,0.031,0
20191031111937,10.1.0.2,20949,10.1.0.1,16449,3,0.0-59.6,160230,21503
20191031111937,10.1.0.1,16449,10.1.0.2,20949,3,0.0-59.6,160230,21510,62.584,0,109,0.000,0
20191031111938,10.1.0.2,20934,10.1.0.1,16434,3,0.0-62.6,4965660,634878
20191031111938,10.1.0.1,16434,10.1.0.2,20934,3,0.0-62.5,4962720,634905,0.112,2,3378,0.059,0
20191031111938,10.1.0.2,20848,10.1.0.1,16348,3,0.0-83.7,299880,28671
20191031111938,10.1.0.2,20823,10.1.0.1,16323,3,0.0-93.0,136710,11759
20191031111938,10.1.0.1,16323,10.1.0.2,20823,3,0.0-93.0,136710,11763,62.629,0,93,0.000,0
20191031111938,10.1.0.1,16348,10.1.0.2,20848,3,0.0-83.7,299880,28678,0.085,0,204,0.000,0
20191031111938,10.1.0.2,20820,10.1.0.1,16320,3,0.0-93.8,7057470,602111
20191031111938,10.1.0.1,16320,10.1.0.2,20820,3,0.0-93.8,7057470,602183,0.099,0,4801,0.000,0
20191031111939,10.1.0.2,20867,10.1.0.1,16367,3,0.0-79.7,1509690,151551
20191031111939,10.1.0.1,16367,10.1.0.2,20867,3,0.0-79.7,1509690,151595,62.682,0,1027,0.000,0
20191031111939,10.1.0.2,20973,10.1.0.1,16473,3,0.0-55.6,363090,52223
20191031111939,10.1.0.1,16473,10.1.0.2,20973,3,0.0-55.6,363090,52234,0.096,0,247,0.000,0
20191031111939,10.1.0.2,20939,10.1.0.1,16439,3,0.0-63.5,11510100,1448958
20191031111939,10.1.0.2,20872,10.1.0.1,16372,3,0.0-78.6,6945750,706559
20191031111940,10.1.0.1,16439,10.1.0.2,20939,3,0.0-63.5,11510100,1449098,0.077,0,7830,0.000,0
20191031111940,10.1.0.1,16372,10.1.0.2,20872,3,0.0-78.6,6944280,706658,0.096,1,4725,0.021,0
20191031111940,10.1.0.2,20936,10.1.0.1,16436,3,0.0-64.6,12036360,1490942
20191031111940,10.1.0.1,16436,10.1.0.2,20936,3,0.0-64.6,12033420,1490932,0.103,2,8188,0.024,0
20191031111940,10.1.0.2,20987,10.1.0.1,16487,3,0.0-53.7,1245090,185343
20191031111940,10.1.0.1,16487,10.1.0.2,20987,3,0.0-53.7,1245090,185382,0.360,0,847,0.000,0
20191031111940,10.1.0.2,20887,10.1.0.1,16387,3,0.0-75.5,7896840,836607
20191031111940,10.1.0.1,16387,10.1.0.2,20887,3,0.0-75.5,7893900,836661,0.071,2,5372,0.037,0
20191031111940,10.1.0.2,20881,10.1.0.1,16381,3,0.0-77.8,9008160,925694
20191031111940,10.1.0.1,16381,10.1.0.2,20881,3,0.0-77.8,9008160,925771,0.068,0,6128,0.000,0
20191031111941,10.1.0.2,20953,10.1.0.1,16453,3,0.0-62.7,11879070,1516542
20191031111941,10.1.0.1,16453,10.1.0.2,20953,3,0.0-62.7,11877600,1516525,0.434,1,8081,0.012,0
20191031111942,10.1.0.2,20901,10.1.0.1,16401,3,0.0-74.9,10213560,1091582
20191031111942,10.1.0.1,16401,10.1.0.2,20901,3,0.0-74.8,10210620,1091628,0.094,2,6948,0.029,0
20191031111942,10.1.0.2,20828,10.1.0.1,16328,3,0.0-96.0,10594290,882687
20191031111942,10.1.0.1,16328,10.1.0.2,20828,3,0.0-96.0,10592820,882673,0.120,1,7207,0.014,0
20191031111943,10.1.0.2,20918,10.1.0.1,16418,3,0.0-72.6,6285720,692223
20191031111943,10.1.0.1,16418,10.1.0.2,20918,3,0.0-72.6,6285720,692334,0.132,0,4276,0.000,0
20191031111944,10.1.0.2,20984,10.1.0.1,16484,3,0.0-58.2,11711490,1608700
20191031111944,10.1.0.1,16484,10.1.0.2,20984,3,0.0-58.2,11704140,1608735,0.093,5,7967,0.063,0
20191031111945,10.1.0.2,20904,10.1.0.1,16404,3,0.0-77.2,40704300,4218876
20191031111945,10.1.0.1,16404,10.1.0.2,20904,3,0.0-77.2,40701360,4218755,0.100,2,27690,0.007,0
20191031111945,10.1.0.2,20883,10.1.0.1,16383,3,0.0-81.7,28450380,2786300
20191031111945,10.1.0.2,20892,10.1.0.1,16392,3,0.0-78.9,15698130,1592317
20191031111945,10.1.0.1,16383,10.1.0.2,20883,3,0.0-81.7,28448910,2786237,0.086,1,19354,0.005,0
20191031111945,10.1.0.1,16392,10.1.0.2,20892,3,0.0-78.8,15692250,1592398,0.157,4,10679,0.037,0
20191031111945,10.1.0.2,20905,10.1.0.1,16405,3,0.0-77.3,14610330,1511423
20191031111945,10.1.0.1,16405,10.1.0.2,20905,3,0.0-77.3,14610330,1511517,0.113,0,9939,0.000,0
20191031111945,10.1.0.2,20950,10.1.0.1,16450,3,0.0-67.9,42918120,5053436
20191031111945,10.1.0.1,16450,10.1.0.2,20950,3,0.0-67.9,42887250,5053347,0.064,21,29196,0.072,0
20191031111946,10.1.0.2,20879,10.1.0.1,16379,3,0.0-83.2,6370980,612351
20191031111946,10.1.0.1,16379,10.1.0.2,20879,3,0.0-83.2,6370980,612472,0.112,0,4334,0.000,0
20191031111946,10.1.0.2,20962,10.1.0.1,16462,3,0.0-65.5,3779370,461823
20191031111946,10.1.0.2,20857,10.1.0.1,16357,3,0.0-89.3,4551120,407551
20191031111946,10.1.0.1,16462,10.1.0.2,20962,3,0.0-65.4,3777900,461816,0.092,1,2571,0.039,0
20191031111946,10.1.0.2,20850,10.1.0.1,16350,3,0.0-91.1,23584680,2071550
20191031111946,10.1.0.1,16350,10.1.0.2,20850,3,0.0-91.0,23572920,2071473,0.093,8,16044,0.050,0
20191031111946,10.1.0.1,16357,10.1.0.2,20857,3,0.0-89.3,4549650,407545,0.115,1,3096,0.032,0
20191031111947,10.1.0.2,20964,10.1.0.1,16464,3,0.0-66.4,17479770,2107389
20191031111947,10.1.0.1,16464,10.1.0.2,20964,3,0.0-66.4,17478300,2107361,0.081,1,11891,0.008,0
20191031111948,10.1.0.2,20924,10.1.0.1,16424,3,0.0-75.0,3081120,328703
20191031111948,10.1.0.1,16424,10.1.0.2,20924,3,0.0-75.0,3081120,328716,0.107,0,2096,0.000,0
20191031111948,10.1.0.2,20916,10.1.0.1,16416,3,0.0-78.0,12819870,1314815
20191031111949,10.1.0.1,16416,10.1.0.2,20916,3,0.0-78.0,12812520,1314830,0.064,5,8721,0.057,0
20191031111949,10.1.0.2,20944,10.1.0.1,16444,3,0.0-72.6,19211430,2115582
20191031111949,10.1.0.1,16444,10.1.0.2,20944,3,0.0-72.6,19208490,2115631,1.245,2,13069,0.015,0
20191031111949,10.1.0.2,20913,10.1.0.1,16413,3,0.0-80.1,6134310,612351
20191031111949,10.1.0.1,16413,10.1.0.2,20913,3,0.0-80.1,6131370,612359,0.098,2,4173,0.048,0
20191031111951,10.1.0.2,20943,10.1.0.1,16443,3,0.0-75.3,5178810,549887
20191031111951,10.1.0.1,16443,10.1.0.2,20943,3,0.0-75.3,5177340,549872,0.119,1,3523,0.028,0
20191031111952,10.1.0.2,20856,10.1.0.1,16356,3,0.0-95.1,13931190,1171455
20191031111952,10.1.0.1,16356,10.1.0.2,20856,3,0.0-95.1,13925310,1171442,0.091,4,9477,0.042,0
20191031111953,10.1.0.2,20923,10.1.0.1,16423,3,0.0-80.7,2325540,230399
20191031111953,10.1.0.1,16423,10.1.0.2,20923,3,0.0-80.7,2325540,230518,0.095,0,1582,0.000,0
20191031111954,10.1.0.2,20981,10.1.0.1,16481,3,0.0-69.2,12975690,1499134
20191031111954,10.1.0.1,16481,10.1.0.2,20981,3,0.0-69.2,12968340,1499235,0.108,5,8827,0.057,0
20191031111955,10.1.0.2,20935,10.1.0.1,16435,3,0.0-79.8,7367640,738303
20191031111955,10.1.0.1,16435,10.1.0.2,20935,3,0.0-79.8,7367640,738331,0.601,0,5012,0.000,0
20191031111955,10.1.0.2,20976,10.1.0.1,16476,3,0.0-71.3,32076870,3600381
20191031111955,10.1.0.1,16476,10.1.0.2,20976,3,0.0-71.2,32062170,3600398,0.075,10,21821,0.046,0
20191031111956,10.1.0.2,20915,10.1.0.1,16415,3,0.0-86.5,3234000,299007
20191031111956,10.1.0.1,16415,10.1.0.2,20915,3,0.0-86.5,3234000,299039,0.083,0,2200,0.000,0
20191031111957,10.1.0.2,20910,10.1.0.1,16410,3,0.0-88.2,1952160,177151
20191031111957,10.1.0.1,16410,10.1.0.2,20910,3,0.0-88.2,1952160,177160,62.603,0,1328,0.000,0
20191031111957,10.1.0.2,20860,10.1.0.1,16360,3,0.0-99.5,12894840,1036287
20191031111957,10.1.0.1,16360,10.1.0.2,20860,3,0.0-99.5,12891900,1036359,0.392,2,8772,0.023,0
20191031111958,10.1.0.2,20931,10.1.0.1,16431,3,0.0-83.3,5387550,517119
20191031111958,10.1.0.1,16431,10.1.0.2,20931,3,0.0-83.3,5387550,517139,0.100,0,3665,0.000,0
20191031111958,10.1.0.2,20890,10.1.0.1,16390,3,0.0-91.9,223440,19455
20191031111958,10.1.0.2,20869,10.1.0.1,16369,3,0.0-98.5,25207560,2046974
20191031111958,10.1.0.1,16390,10.1.0.2,20890,3,0.0-91.9,223440,19456,63.386,0,152,0.000,0
20191031111958,10.1.0.1,16369,10.1.0.2,20869,3,0.0-98.5,25203150,2046969,0.075,3,17148,0.017,0
20191031111958,10.1.0.2,20980,10.1.0.1,16480,3,0.0-73.8,7904190,857087
20191031111958,10.1.0.1,16480,10.1.0.2,20980,3,0.0-73.8,7902720,857077,0.064,1,5377,0.019,0
20191031111958,10.1.0.2,20994,10.1.0.1,16494,3,0.0-71.0,20582940,2318332
20191031111958,10.1.0.2,20941,10.1.0.1,16441,3,0.0-82.6,867300,83967
20191031111958,10.1.0.1,16494,10.1.0.2,20994,3,0.0-71.0,20580000,2318362,0.085,2,14002,0.014,0
20191031111959,10.1.0.1,16441,10.1.0.2,20941,3,0.0-82.6,867300,83975,0.489,0,590,0.000,0
20191031111959,10.1.0.2,20928,10.1.0.1,16428,3,0.0-85.3,3874920,363519
20191031111959,10.1.0.1,16428,10.1.0.2,20928,3,0.0-85.2,3873450,363542,0.100,1,2636,0.038,0
20191031111959,10.1.0.2,20903,10.1.0.1,16403,3,0.0-91.7,4063080,354303
20191031111959,10.1.0.1,16403,10.1.0.2,20903,3,0.0-91.7,4063080,354312,0.203,0,2764,0.000,0
20191031112000,10.1.0.2,20997,10.1.0.1,16497,3,0.0-70.9,27947640,3154939
20191031112000,10.1.0.1,16497,10.1.0.2,20997,3,0.0-70.8,27931470,3154922,0.053,11,19012,0.058,0
20191031112000,10.1.0.2,20921,10.1.0.1,16421,3,0.0-88.7,5303760,478207
20191031112000,10.1.0.1,16421,10.1.0.2,20921,3,0.0-88.7,5300820,478220,0.070,2,3608,0.055,0
20191031112001,10.1.0.2,20968,10.1.0.1,16468,3,0.0-79.1,182280,18431
20191031112001,10.1.0.1,16468,10.1.0.2,20968,3,0.0-79.1,182280,18433,62.593,0,124,0.000,0
20191031112001,10.1.0.2,20927,10.1.0.1,16427,3,0.0-87.4,839370,76799
20191031112001,10.1.0.1,16427,10.1.0.2,20927,3,0.0-87.4,839370,76805,0.074,0,571,0.000,0
20191031112001,10.1.0.2,20938,10.1.0.1,16438,3,0.0-85.5,24494610,2291709
20191031112001,10.1.0.1,16438,10.1.0.2,20938,3,0.0-85.5,24488730,2292023,0.085,4,16663,0.024,0
20191031112001,10.1.0.2,20917,10.1.0.1,16417,3,0.0-90.9,35241780,3102715
20191031112001,10.1.0.1,16417,10.1.0.2,20917,3,0.0-90.9,35235900,3102650,0.060,4,23974,0.017,0
20191031112002,10.1.0.2,20880,10.1.0.1,16380,3,0.0-99.6,17550330,1410047
20191031112002,10.1.0.1,16380,10.1.0.2,20880,3,0.0-99.5,17545920,1410094,0.071,3,11939,0.025,0
20191031112002,10.1.0.2,20940,10.1.0.1,16440,3,0.0-86.6,10613400,979967
20191031112002,10.1.0.1,16440,10.1.0.2,20940,3,0.0-86.6,10610460,979949,0.072,2,7220,0.028,0
20191031112003,10.1.0.2,20891,10.1.0.1,16391,3,0.0-96.9,6140190,506879
20191031112003,10.1.0.1,16391,10.1.0.2,20891,3,0.0-96.9,6138720,506872,0.091,1,4177,0.024,0
20191031112004,10.1.0.2,20983,10.1.0.1,16483,3,0.0-78.7,15036630,1528830
20191031112004,10.1.0.1,16483,10.1.0.2,20983,3,0.0-78.6,15030750,1528898,0.086,4,10229,0.039,0
20191031112006,10.1.0.2,20990,10.1.0.1,16490,3,0.0-79.0,2944410,297983
20191031112006,10.1.0.1,16490,10.1.0.2,20990,3,0.0-79.0,2942940,298001,0.081,1,2003,0.050,0
20191031112006,10.1.0.2,20956,10.1.0.1,16456,3,0.0-87.0,4320330,397311
20191031112006,10.1.0.2,20947,10.1.0.1,16447,3,0.0-89.0,10672200,959486
20191031112006,10.1.0.1,16447,10.1.0.2,20947,3,0.0-88.9,10666320,959478,0.071,4,7260,0.055,0
20191031112006,10.1.0.1,16456,10.1.0.2,20956,3,0.0-87.0,4320330,397325,0.101,0,2939,0.000,0
20191031112006,10.1.0.2,20929,10.1.0.1,16429,3,0.0-92.5,3242820,280575
20191031112006,10.1.0.1,16429,10.1.0.2,20929,3,0.0-92.4,3242820,280622,0.187,0,2206,0.000,0
20191031112007,10.1.0.2,20999,10.1.0.1,16499,3,0.0-77.0,630630,65535
20191031112007,10.1.0.1,16499,10.1.0.2,20999,3,0.0-76.8,629160,65535,62.577,1,429,0.233,0
20191031112007,10.1.0.2,20986,10.1.0.1,16486,3,0.0-81.0,10301760,1016830
20191031112007,10.1.0.1,16486,10.1.0.2,20986,3,0.0-81.0,10295880,1016902,0.193,4,7008,0.057,0
20191031112007,10.1.0.2,20912,10.1.0.1,16412,3,0.0-98.6,21082740,1711102
20191031112008,10.1.0.1,16412,10.1.0.2,20912,3,0.0-98.6,21081270,1711065,0.085,1,14342,0.007,0
20191031112009,10.1.0.2,20995,10.1.0.1,16495,3,0.0-80.9,227850,22527
20191031112009,10.1.0.1,16495,10.1.0.2,20995,3,0.0-80.9,227850,22531,62.638,0,155,0.000,0
20191031112012,10.1.0.2,20988,10.1.0.1,16488,3,0.0-85.2,130830,12287
20191031112012,10.1.0.1,16488,10.1.0.2,20988,3,0.0-85.2,130830,12289,63.031,0,89,0.000,0
20191031112013,10.1.0.2,20952,10.1.0.1,16452,3,0.0-94.9,8890560,749567
20191031112013,10.1.0.1,16452,10.1.0.2,20952,3,0.0-94.9,8887620,749549,0.063,2,6048,0.033,0
20191031112016,10.1.0.2,20967,10.1.0.1,16467,3,0.0-94.4,16874130,1429502
20191031112016,10.1.0.1,16467,10.1.0.2,20967,3,0.0-94.4,16869720,1429502,0.058,3,11479,0.026,0
20191031112017,10.1.0.2,20996,10.1.0.1,16496,3,0.0-88.2,1095150,99327
20191031112017,10.1.0.1,16496,10.1.0.2,20996,3,0.0-88.2,1095150,99386,0.048,0,745,0.000,0
20191031112018,10.1.0.2,20991,10.1.0.1,16491,3,0.0-91.0,3073770,270335
20191031112018,10.1.0.1,16491,10.1.0.2,20991,3,0.0-90.8,3067890,270331,0.173,4,2091,0.191,0
20191031112019,10.1.0.2,20974,10.1.0.1,16474,3,0.0-95.0,25279590,2128893
20191031112019,10.1.0.1,16474,10.1.0.2,20974,3,0.0-95.0,25279590,2128944,0.041,0,17197,0.000,0
20191031112025,10.1.0.2,20998,10.1.0.1,16498,3,0.0-95.2,27806520,2335741
20191031112025,10.1.0.1,16498,10.1.0.2,20998,3,0.0-95.2,27794760,2335686,0.029,8,18916,0.042,0
20191031112025,10.1.0.2,20992,10.1.0.1,16492,3,0.0-98.1,5325810,434175
20191031112025,10.1.0.1,16492,10.1.0.2,20992,3,0.0-98.0,5316990,434168,0.037,6,3623,0.166,0
