Metodo: SW->HW
Seed: 60
Quant: 2500
Duracao(min): 5.000000
Duracao(max): 100.000000
Banda(media): 1024.000000
TempoIni(media): 0.100000
MaiorDuracao(segundos): 345.553696