Metodo: SW->HW
Seed: 10
Quant: 2000
Duracao(min): 5.000000
Duracao(max): 100.000000
Banda(media): 1000.000000
TempoIni(media): 0.150000
MaiorDuracao(segundos): 399.002132