Metodo: SW->HW
Seed: 10
Quant: 1500
Duracao(min): 5.000000
Duracao(max): 100.000000
Banda(media): 1500.000000
TempoIni(media): 0.200000
MaiorDuracao(segundos): 392.674371