Metodo: Par/Impar
Seed: 10
Quant: 2500
Duracao(min): 5.000000
Duracao(max): 100.000000
Banda(media): 1024.000000
TempoIni(media): 0.300000
MaiorDuracao(segundos): 844.279574