Metodo: Par/Impar
Seed: 10
Quant: 1000
Duracao(min): 5.000000
Duracao(max): 100.000000
Banda(media): 1910.000000
TempoIni(media): 0.250000
